0	1	5.980877
2	1	38.307755
4	1	62.47123
6	1	74.508915
8	1	78.449127
10	1	80.773597
12	1	80.055146
14	1	78.2155
16	1	78.011627
18	1	81.159965
20	1	86.915543
22	1	94.716163
24	1	103.136826
26	1	111.221763
28	1	118.623474
30	1	125.672767
32	1	131.328507
34	1	134.017418
36	1	134.356559
38	1	134.250343
40	1	132.784012
42	1	129.337906
44	1	123.279946
46	1	116.095696
48	1	114.873558
50	1	117.886238
52	1	123.051984
54	1	140.971048
56	1	170.162411
58	1	196.4898
60	1	220.92244
62	1	236.036667
64	1	236.778572
66	1	214.931312
68	1	169.917361
70	1	107.01072
72	1	42.395493
74	1	6.509003
76	1	-10.731507
78	1	-11.113853
80	1	-0.381538
82	1	6.779846
84	1	6.752701
86	1	4.691658
88	1	1.112503
90	1	-1.561669
92	1	-1.158123
94	1	0.998882
96	1	2.148683
98	1	1.519214
100	1	-1.663098
102	1	-6.193758
104	1	-8.859871
106	1	-8.892078
108	1	-6.878973
110	1	-4.563603
112	1	-2.394304
114	1	-0.819023
116	1	-0.757828
118	1	-2.487503
120	1	-4.904449
122	1	-6.898568
124	1	-9.221085
126	1	-9.083924
128	1	-7.264214
130	1	-10.189445
132	1	-15.337341
134	1	-20.512192
136	1	-22.140366
138	1	-19.856949
140	1	-18.980805
142	1	-15.998657
144	1	-7.531372
146	1	6.725723
148	1	17.409653
150	1	22.013656
152	1	24.06012
154	1	22.389114
156	1	11.143822
158	1	4.755539
160	1	-2.326736
162	1	-5.793152
164	1	-13.152143
166	1	-14.278671
168	1	-8.018173
170	1	-3.289688
172	1	7.314071
174	1	12.679779
176	1	8.55832
178	1	3.327118
180	1	-5.281921
182	1	-10.799866
184	1	-12.580048
186	1	-9.74968
188	1	-7.820572
190	1	-7.191544
192	1	-8.064751
194	1	-4.541647
196	1	3.164424
198	1	9.826847
200	1	9.526359
202	1	4.037808
204	1	12.278549
206	1	10.182346
0	2	4.683635
2	2	46.74115
4	2	82.539108
6	2	100.285645
8	2	107.684151
10	2	112.117874
12	2	111.779335
14	2	109.375541
16	2	111.648575
18	2	119.485641
20	2	130.878639
22	2	143.559097
24	2	155.912079
26	2	167.671509
28	2	178.645851
30	2	189.006553
32	2	196.88942
34	2	200.508583
36	2	200.968911
38	2	199.157219
40	2	195.164757
42	2	188.207268
44	2	178.012711
46	2	166.657981
48	2	161.483421
50	2	166.732261
52	2	177.584852
54	2	203.107082
56	2	245.059365
58	2	284.903351
60	2	312.99739
62	2	327.748443
64	2	315.859635
66	2	265.472397
68	2	201.077959
70	2	125.229003
72	2	51.063614
74	2	9.280448
76	2	-12.923225
78	2	-13.405914
80	2	-1.849464
82	2	7.085755
84	2	8.817611
86	2	6.321228
88	2	0.989738
90	2	-2.534538
92	2	-1.658371
94	2	0.895938
96	2	2.580692
98	2	1.865778
100	2	-1.804777
102	2	-6.862508
104	2	-10.350643
106	2	-11.002682
108	2	-7.433828
110	2	-4.658333
112	2	-2.746489
114	2	-1.149996
116	2	-0.790417
118	2	-2.267285
120	2	-4.78775
122	2	-6.82386
124	2	-9.558433
126	2	-12.04316
128	2	-10.639687
130	2	-12.366752
132	2	-16.959046
134	2	-21.647324
136	2	-23.004043
138	2	-19.227173
140	2	-14.685822
142	2	-16.035675
144	2	-13.810425
146	2	-0.758637
148	2	15.951737
150	2	25.853424
152	2	24.21331
154	2	23.139305
156	2	13.139122
158	2	11.802475
160	2	8.910175
162	2	5.689983
164	2	5.295735
166	2	1.140045
168	2	-0.228729
170	2	-1.595337
172	2	6.17987
174	2	7.973038
176	2	3.029541
178	2	-3.149597
180	2	-11.966065
182	2	-17.4469
184	2	-18.15329
186	2	-15.708984
188	2	-12.987747
190	2	-11.281189
192	2	-10.092316
194	2	-5.781204
196	2	2.491652
198	2	10.417944
200	2	11.568897
202	2	7.889904
204	2	19.295173
206	2	9.373722
0	3	2.108909
2	3	35.91935
4	3	76.119041
6	3	104.050789
8	3	120.041252
10	3	127.642815
12	3	129.15712
14	3	129.375991
16	3	133.184273
18	3	142.317512
20	3	156.185188
22	3	171.56675
24	3	186.44236
26	3	201.653472
28	3	217.541245
30	3	234.085686
32	3	250.198128
34	3	261.692474
36	3	265.34909
38	3	260.508614
40	3	248.070266
42	3	232.810226
44	3	215.755829
46	3	196.714523
48	3	180.891106
50	3	173.571129
52	3	176.630783
54	3	203.888124
56	3	250.540752
58	3	288.053894
60	3	308.380066
62	3	307.366318
64	3	274.960999
66	3	218.325179
68	3	151.634689
70	3	83.9543
72	3	23.09877
74	3	-9.854462
76	3	-27.467582
78	3	-24.468354
80	3	-11.340058
82	3	-0.347282
84	3	5.044067
86	3	3.392327
88	3	-1.823243
90	3	-4.799637
92	3	-3.566978
94	3	-0.013939
96	3	2.181004
98	3	1.798275
100	3	-2.343395
102	3	-6.920442
104	3	-9.547602
106	3	-12.137053
108	3	-8.563763
110	3	-5.845321
112	3	-3.219711
114	3	-0.969325
116	3	-0.572666
118	3	-1.623466
120	3	-3.845214
122	3	-5.641342
124	3	-7.905037
126	3	-10.839195
128	3	-11.048591
130	3	-12.341584
132	3	-16.559357
134	3	-21.031418
136	3	-20.569244
138	3	-17.47374
140	3	-15.250152
142	3	-17.091186
144	3	-21.989532
146	3	-16.189286
148	3	-0.179413
150	3	8.949738
152	3	6.50148
154	3	7.880256
156	3	8.475491
158	3	11.314098
160	3	12.717043
162	3	5.718029
164	3	12.222519
166	3	15.8918
168	3	7.485138
170	3	0.174561
172	3	1.559478
174	3	0.174805
176	3	-6.874878
178	3	-14.284974
180	3	-21.868683
182	3	-25.763458
184	3	-24.945922
186	3	-22.355591
188	3	-19.084137
190	3	-15.430008
192	3	-10.658615
194	3	-4.911728
196	3	3.756466
198	3	11.101577
200	3	11.046193
202	3	8.695267
204	3	22.028448
206	3	5.674156
0	4	8.799187
2	4	30.509506
4	4	58.314697
6	4	84.193268
8	4	101.85942
10	4	111.71193
12	4	115.923005
14	4	118.51883
16	4	124.895477
18	4	135.845215
20	4	150.933319
22	4	168.95961
24	4	187.097138
26	4	204.671478
28	4	221.997101
30	4	239.519516
32	4	256.00721
34	4	268.9076
36	4	274.918877
38	4	271.4105
40	4	260.607956
42	4	242.562996
44	4	220.406395
46	4	194.953095
48	4	170.36882
50	4	151.591606
52	4	144.130783
54	4	162.24907
56	4	198.498909
58	4	223.411728
60	4	230.075318
62	4	217.356125
64	4	184.048167
66	4	134.425903
68	4	77.678971
70	4	21.216629
72	4	-23.571091
74	4	-43.008026
76	4	-50.907379
78	4	-41.933701
80	4	-25.69506
82	4	-11.350182
84	4	-3.671814
86	4	-3.807174
88	4	-6.900367
90	4	-8.11589
92	4	-5.288528
94	4	-1.097961
96	4	0.852509
98	4	0.507343
100	4	-2.653578
102	4	-7.119028
104	4	-8.281748
106	4	-9.122347
108	4	-10.337637
110	4	-8.919292
112	4	-5.86074
114	4	-1.177766
116	4	-0.112709
118	4	-0.788193
120	4	-3.269783
122	4	-5.192341
124	4	-6.270645
126	4	-8.457501
128	4	-9.826305
130	4	-11.362137
132	4	-14.996879
134	4	-19.782562
136	4	-18.994233
138	4	-15.240921
140	4	-15.079682
142	4	-17.53891
144	4	-25.640381
146	4	-29.809646
148	4	-21.192627
150	4	-11.840301
152	4	-8.963371
154	4	-0.707351
156	4	11.119789
158	4	16.10282
160	4	13.664075
162	4	10.337902
164	4	18.281487
166	4	25.784347
168	4	13.626098
170	4	4.138641
172	4	2.202515
174	4	-0.160675
176	4	-7.375274
178	4	-14.25708
180	4	-20.08432
182	4	-23.156495
184	4	-22.159729
186	4	-18.055206
188	4	-14.750183
190	4	-11.928788
192	4	-7.319534
194	4	-2.330178
196	4	5.605345
198	4	11.856648
200	4	10.682142
202	4	7.758258
204	4	19.655851
206	4	-0.579929
0	5	22.566093
2	5	41.894043
4	5	59.642502
6	5	75.553436
8	5	88.483765
10	5	95.904099
12	5	99.121643
14	5	104.404297
16	5	115.105255
18	5	129.962112
20	5	146.876099
22	5	166.295929
24	5	186.524551
26	5	204.514068
28	5	218.686157
30	5	230.000427
32	5	240.394195
34	5	248.997162
36	5	253.865265
38	5	252.596191
40	5	245.615311
42	5	228.803604
44	5	203.78218
46	5	173.742324
48	5	143.162033
50	5	117.944565
52	5	102.677955
54	5	111.942142
56	5	134.025528
58	5	148.706405
60	5	145.871665
62	5	122.401875
64	5	94.388908
66	5	52.338928
68	5	5.457595
70	5	-39.161499
72	5	-66.012619
74	5	-72.628991
76	5	-70.075149
78	5	-56.077072
80	5	-37.238098
82	5	-20.71547
84	5	-10.609626
86	5	-9.137391
88	5	-10.545685
90	5	-10.44355
92	5	-6.402954
94	5	-2.210747
96	5	-0.846771
98	5	-1.739453
100	5	-3.778301
102	5	-6.043291
104	5	-7.72959
106	5	-7.621479
108	5	-9.020595
110	5	-10.039608
112	5	-6.382465
114	5	-1.07492
116	5	-0.188977
118	5	-0.919916
120	5	-2.657175
122	5	-3.612701
124	5	-4.593769
126	5	-7.43396
128	5	-10.118572
130	5	-11.509476
132	5	-15.030067
134	5	-16.85276
136	5	-16.779511
138	5	-17.273209
140	5	-19.270538
142	5	-22.764343
144	5	-31.513398
146	5	-40.579147
148	5	-39.609528
150	5	-31.487381
152	5	-26.301804
154	5	-13.283993
156	5	3.912719
158	5	12.449551
160	5	14.847305
162	5	17.675522
164	5	20.988938
166	5	25.005584
168	5	16.951752
170	5	8.852905
172	5	3.453369
174	5	-0.945282
176	5	-8.042969
178	5	-13.732666
180	5	-16.975281
182	5	-18.174377
184	5	-17.443054
186	5	-13.17102
188	5	-8.447082
190	5	-5.228546
192	5	-3.14888
194	5	0.262504
196	5	6.936422
198	5	11.055588
200	5	10.490189
202	5	7.500072
204	5	15.722585
206	5	-6.435829
0	6	35.075615
2	6	54.947265
4	6	67.425904
6	6	74.363907
8	6	80.554016
10	6	82.788102
12	6	84.173905
14	6	92.096115
16	6	106.309433
18	6	123.952713
20	6	142.689117
22	6	162.129211
24	6	181.201477
26	6	196.832977
28	6	207.17128
30	6	212.725571
32	6	217.344345
34	6	221.052383
36	6	222.239761
38	6	220.195236
40	6	212.547028
42	6	195.540374
44	6	171.065521
46	6	142.639191
48	6	112.890518
50	6	85.186196
52	6	63.324868
54	6	61.269932
56	6	70.224209
58	6	74.827082
60	6	60.112152
62	6	29.025986
64	6	6.775253
66	6	-24.122986
68	6	-61.807419
70	6	-93.20523
72	6	-101.653205
74	6	-97.114815
76	6	-85.007766
78	6	-66.829514
80	6	-46.466767
82	6	-27.591209
84	6	-16.443726
86	6	-13.436752
88	6	-13.622231
90	6	-12.097793
92	6	-7.173195
94	6	-3.345573
96	6	-2.40995
98	6	-3.697776
100	6	-5.13583
102	6	-6.089089
104	6	-7.291847
106	6	-8.566814
108	6	-9.704487
110	6	-8.479263
112	6	-5.092091
114	6	-1.25825
116	6	-0.462849
118	6	-1.507954
120	6	-2.024513
122	6	-2.619251
124	6	-4.895043
126	6	-8.816052
128	6	-13.183002
130	6	-14.852776
132	6	-16.970253
134	6	-17.193962
136	6	-16.740403
138	6	-19.703247
140	6	-24.564316
142	6	-29.499984
144	6	-37.751053
146	6	-47.229553
148	6	-50.752846
150	6	-45.442627
152	6	-39.063088
154	6	-25.614285
156	6	-6.561289
158	6	8.208454
160	6	18.191733
162	6	21.834709
164	6	21.894455
166	6	22.820969
168	6	16.67569
170	6	7.397033
172	6	1.557525
174	6	-2.408996
176	6	-7.740356
178	6	-12.060303
180	6	-15.033996
182	6	-16.349427
184	6	-14.179352
186	6	-10.594787
188	6	-6.505188
190	6	-2.541748
192	6	0.337464
194	6	2.858978
196	6	7.652746
198	6	10.270916
200	6	10.409764
202	6	7.687102
204	6	11.541297
206	6	-10.673554
0	7	46.123986
2	7	66.337723
4	7	71.632523
6	7	71.672668
8	7	71.24852
10	7	69.744461
12	7	70.541306
14	7	78.82753
16	7	93.68042
18	7	113.575226
20	7	134.482437
22	7	154.154145
24	7	170.720489
26	7	183.009949
28	7	191.100037
30	7	194.543167
32	7	195.965912
34	7	195.596679
36	7	193.01587
38	7	188.36824
40	7	177.995011
42	7	160.351685
44	7	139.184617
46	7	114.464554
48	7	85.354355
50	7	56.575935
52	7	30.092842
54	7	15.287073
56	7	12.660587
58	7	5.367256
60	7	-21.526047
62	7	-56.145249
64	7	-71.398758
66	7	-93.297485
68	7	-117.525589
70	7	-136.340912
72	7	-129.645455
74	7	-115.907371
76	7	-96.730652
78	7	-75.795524
80	7	-53.699471
82	7	-33.50563
84	7	-22.67868
86	7	-18.431549
88	7	-17.36969
90	7	-14.047462
92	7	-8.390159
94	7	-5.001289
96	7	-4.318817
98	7	-5.454441
100	7	-6.404068
102	7	-6.672294
104	7	-7.055946
106	7	-7.850815
108	7	-8.265621
110	7	-6.449337
112	7	-3.872513
114	7	-2.038143
116	7	-1.411591
118	7	-1.191627
120	7	-0.427925
122	7	-2.084995
124	7	-5.895198
126	7	-10.066514
128	7	-15.125665
130	7	-17.458698
132	7	-16.695713
134	7	-15.076774
136	7	-15.640487
138	7	-21.704636
140	7	-28.301651
142	7	-32.649917
144	7	-39.963104
146	7	-49.699585
148	7	-55.687233
150	7	-53.301209
152	7	-43.991291
154	7	-31.997033
156	7	-12.940489
158	7	6.313822
160	7	19.466667
162	7	23.943191
164	7	21.671845
166	7	20.731216
168	7	14.288971
170	7	6.135651
172	7	1.524964
174	7	-2.100158
176	7	-6.48587
178	7	-9.370575
180	7	-11.690094
182	7	-12.94696
184	7	-11.547973
186	7	-9.068237
188	7	-6.068146
190	7	-2.597916
192	7	1.108277
194	7	4.787208
196	7	8.860333
198	7	10.004215
200	7	9.736488
202	7	7.390026
204	7	8.152062
206	7	-12.676886
0	8	52.388031
2	8	70.743714
4	8	69.580292
6	8	62.243515
8	8	55.836853
10	8	53.299606
12	8	55.395828
14	8	65.509003
16	8	80.599884
18	8	100.08519
20	8	121.268631
22	8	140.589569
24	8	156.014435
26	8	166.693268
28	8	174.821
30	8	178.019654
32	8	176.248383
34	8	171.904571
36	8	166.490234
38	8	157.073197
40	8	142.976867
42	8	125.083038
44	8	105.725998
46	8	84.323975
48	8	59.085389
50	8	32.241913
52	8	1.969269
54	8	-23.534996
56	8	-38.928566
58	8	-58.139884
60	8	-93.639404
62	8	-128.062287
64	8	-136.879028
66	8	-149.158325
68	8	-160.976471
70	8	-165.820748
72	8	-148.191383
74	8	-128.548569
76	8	-105.211143
78	8	-81.21199
80	8	-57.651039
82	8	-38.427635
84	8	-28.235451
86	8	-22.702813
88	8	-20.570922
90	8	-15.095024
92	8	-9.11702
94	8	-6.041137
96	8	-5.44352
98	8	-6.208008
100	8	-6.792359
102	8	-6.740597
104	8	-6.786537
106	8	-7.051056
108	8	-6.786724
110	8	-4.935276
112	8	-2.913338
114	8	-1.893822
116	8	-1.514983
118	8	-0.677169
120	8	0.063741
122	8	-2.030924
124	8	-6.027904
126	8	-10.498729
128	8	-15.025529
130	8	-16.927792
132	8	-14.300796
134	8	-10.879463
136	8	-12.692048
138	8	-18.46048
140	8	-26.17247
142	8	-32.270111
144	8	-38.802933
146	8	-48.678452
148	8	-56.477676
150	8	-56.680088
152	8	-46.989319
154	8	-34.384211
156	8	-15.614693
158	8	5.251676
160	8	21.157103
162	8	26.785424
164	8	22.035316
166	8	19.427002
168	8	12.176529
170	8	5.82312
172	8	1.855195
174	8	-1.864013
176	8	-5.646606
178	8	-7.884522
180	8	-9.284241
182	8	-9.960235
184	8	-8.846528
186	8	-7.325135
188	8	-4.934021
190	8	-1.815171
192	8	1.437356
194	8	5.341858
196	8	9.310051
198	8	9.455433
200	8	7.994134
202	8	5.83435
204	8	4.923225
206	8	-13.129077
0	9	53.594803
2	9	70.034653
4	9	63.196136
6	9	49.365936
8	9	39.369278
10	9	36.521591
12	9	40.486542
14	9	51.392334
16	9	67.849381
18	9	86.835205
20	9	106.744644
22	9	125.531708
24	9	141.430267
26	9	152.681427
28	9	159.512268
30	9	160.493439
32	9	156.927811
34	9	149.538254
36	9	139.05333
38	9	125.599594
40	9	108.444473
42	9	89.413559
44	9	70.709564
46	9	51.90242
48	9	32.507996
50	9	9.930619
52	9	-21.670845
54	9	-55.515878
56	9	-84.468911
58	9	-114.169712
60	9	-153.535324
62	9	-185.450676
64	9	-189.040528
66	9	-191.317169
68	9	-192.725426
70	9	-183.502224
72	9	-160.066013
74	9	-136.048512
76	9	-108.090916
78	9	-81.770588
80	9	-58.544632
82	9	-41.170777
84	9	-31.06205
86	9	-25.174232
88	9	-21.838196
90	9	-14.812156
92	9	-8.848244
94	9	-6.059647
96	9	-5.544727
98	9	-6.193229
100	9	-6.699608
102	9	-6.528317
104	9	-6.51295
106	9	-6.691635
108	9	-6.221779
110	9	-4.474449
112	9	-2.566723
114	9	-1.60215
116	9	-1.384936
118	9	-0.896246
120	9	-0.712877
122	9	-2.020914
124	9	-5.428859
126	9	-10.114818
128	9	-14.756246
130	9	-15.513685
132	9	-11.447506
134	9	-8.556084
136	9	-9.727913
138	9	-14.672928
140	9	-21.114525
142	9	-28.412506
144	9	-35.260544
146	9	-45.227348
148	9	-54.069474
150	9	-55.494526
152	9	-47.646981
154	9	-34.900302
156	9	-15.579744
158	9	5.780241
160	9	21.51831
162	9	27.626141
164	9	23.4851
166	9	18.053772
168	9	9.072083
170	9	4.593781
172	9	1.318756
174	9	-2.548249
176	9	-5.757691
178	9	-7.606049
180	9	-8.240356
182	9	-7.889435
184	9	-6.495728
186	9	-5.661103
188	9	-3.901184
190	9	-0.753754
192	9	2.461067
194	9	6.146247
196	9	8.918111
198	9	7.814094
200	9	5.540152
202	9	3.774673
204	9	2.03722
206	9	-12.662172
0	10	51.950927
2	10	66.87532
4	10	56.596054
6	10	38.120254
8	10	25.887176
10	10	23.135239
12	10	28.218994
14	10	40.041733
16	10	56.705994
18	10	75.294372
20	10	95.121384
22	10	113.277282
24	10	128.662185
26	10	138.879883
28	10	143.542908
30	10	142.763123
32	10	137.703003
34	10	126.722015
36	10	111.980926
38	10	96.104583
40	10	78.361252
42	10	58.254379
44	10	39.422623
46	10	21.763321
48	10	8.041634
50	10	-8.359551
52	10	-40.32069
54	10	-82.539936
56	10	-121.652496
58	10	-159.194088
60	10	-202.102165
62	10	-227.410065
64	10	-227.642746
66	10	-219.738556
68	10	-210.511085
70	10	-191.01332
72	10	-164.530548
74	10	-135.85981
76	10	-105.872516
78	10	-79.675514
80	10	-57.704056
82	10	-42.458885
84	10	-32.180023
86	10	-27.059272
88	10	-22.123703
90	10	-14.112312
92	10	-8.272003
94	10	-6.181549
96	10	-5.718029
98	10	-6.326584
100	10	-7.031456
102	10	-7.127289
104	10	-7.016056
106	10	-6.701454
108	10	-5.8083
110	10	-3.661957
112	10	-1.844944
114	10	-1.441014
116	10	-1.320011
118	10	-0.884302
120	10	-1.293526
122	10	-2.708568
124	10	-5.473616
126	10	-9.636756
128	10	-14.096532
130	10	-14.474024
132	10	-10.705154
134	10	-7.833343
136	10	-8.316887
138	10	-12.402291
140	10	-18.036232
142	10	-23.451401
144	10	-30.71666
146	10	-40.095619
148	10	-49.334556
150	10	-52.116543
152	10	-46.002599
154	10	-33.079921
156	10	-14.108852
158	10	6.187069
160	10	21.229988
162	10	26.35136
164	10	23.598999
166	10	16.101807
168	10	6.677261
170	10	3.24234
172	10	0.818298
174	10	-2.586365
176	10	-5.29895
178	10	-6.874543
180	10	-7.269287
182	10	-6.343139
184	10	-4.950805
186	10	-4.45047
188	10	-3.115493
190	10	-0.206359
192	10	3.182778
194	10	6.630898
196	10	8.127561
198	10	5.831959
200	10	2.900162
202	10	1.342025
204	10	-0.301548
206	10	-11.032196
0	11	48.416955
2	11	61.743973
4	11	49.215011
6	11	28.413193
8	11	14.438659
10	11	11.517456
12	11	17.926956
14	11	31.079437
16	11	47.326401
18	11	65.897445
20	11	85.364013
22	11	102.363831
24	11	116.149185
26	11	125.341721
28	11	128.734283
30	11	125.81897
32	11	119.157211
34	11	106.861679
36	11	89.750686
38	11	71.831803
40	11	53.831589
42	11	34.722443
44	11	16.067215
46	11	-0.062058
48	11	-12.224815
50	11	-25.336831
52	11	-54.783593
54	11	-100.203915
56	11	-145.821136
58	11	-190.254707
60	11	-232.296208
62	11	-255.831917
64	11	-250.968452
66	11	-233.282269
68	11	-215.748426
70	11	-190.609675
72	11	-162.268995
74	11	-131.747619
76	11	-101.993206
78	11	-76.281117
80	11	-56.322139
82	11	-42.361325
84	11	-33.518158
86	11	-28.866905
88	11	-22.638733
90	11	-14.198189
92	11	-9.202545
94	11	-7.615292
96	11	-7.159797
98	11	-7.481426
100	11	-7.623802
102	11	-7.141804
104	11	-6.86702
106	11	-6.650112
108	11	-5.801762
110	11	-3.7397
112	11	-2.0452
114	11	-1.53244
116	11	-1.107992
118	11	-0.571655
120	11	-0.971691
122	11	-2.895211
124	11	-5.806702
126	11	-9.23316
128	11	-12.936657
130	11	-13.215616
132	11	-10.073024
134	11	-7.036171
136	11	-7.499169
138	11	-11.38543
140	11	-16.465462
142	11	-21.553237
144	11	-27.312973
146	11	-35.412479
148	11	-44.618145
150	11	-47.782454
152	11	-42.226735
154	11	-29.908085
156	11	-11.498465
158	11	6.80742
160	11	20.137081
162	11	24.031155
164	11	21.839607
166	11	14.383178
168	11	5.392426
170	11	2.279068
172	11	0.900604
174	11	-1.984436
176	11	-4.695984
178	11	-6.413269
180	11	-6.735016
182	11	-5.631378
184	11	-4.259766
186	11	-3.905457
188	11	-2.760163
190	11	-0.0374
192	11	3.509216
194	11	6.863251
196	11	7.288046
198	11	4.177046
200	11	0.627582
202	11	-0.344702
204	11	-1.319373
206	11	-8.504578
0	12	42.963523
2	12	54.420853
4	12	41.524078
6	12	20.158997
8	12	4.931656
10	12	1.030426
12	12	7.466095
14	12	21.099228
16	12	38.35057
18	12	56.458802
20	12	73.84555
22	12	89.020386
24	12	102.260452
26	12	112.485703
28	12	115.728958
30	12	111.765366
32	12	104.421295
34	12	91.478378
36	12	72.960815
38	12	52.368499
40	12	34.263626
42	12	17.356552
44	12	-0.702957
46	12	-15.752609
48	12	-25.862892
50	12	-38.09045
52	12	-68.343598
54	12	-112.729944
56	12	-162.568983
58	12	-211.512375
60	12	-251.369041
62	12	-269.219269
64	12	-259.265106
66	12	-236.619381
68	12	-213.520373
70	12	-185.118005
72	12	-154.963318
74	12	-126.736406
76	12	-99.673781
78	12	-74.52752
80	12	-55.207016
82	12	-41.795926
84	12	-34.483799
86	12	-30.09848
88	12	-23.575245
90	12	-14.96944
92	12	-10.17318
94	12	-8.274918
96	12	-7.361145
98	12	-7.265373
100	12	-7.165066
102	12	-6.65316
104	12	-6.447506
106	12	-6.352017
108	12	-5.590957
110	12	-3.809574
112	12	-2.417988
114	12	-1.966908
116	12	-1.486683
118	12	-0.95245
120	12	-1.15276
122	12	-2.897429
124	12	-5.753449
126	12	-8.89884
128	12	-11.685111
130	12	-11.715963
132	12	-9.032233
134	12	-6.18972
136	12	-6.557282
138	12	-10.247055
140	12	-15.021141
142	12	-20.545628
144	12	-26.71981
146	12	-34.113018
148	12	-41.032769
150	12	-43.413762
152	12	-37.778203
154	12	-26.157054
156	12	-9.11393
158	12	7.254885
160	12	18.687126
162	12	22.037712
164	12	20.489418
166	12	13.471321
168	12	4.831695
170	12	1.851151
172	12	1.008576
174	12	-1.56604
176	12	-4.222824
178	12	-6.049256
180	12	-6.334381
182	12	-5.340209
184	12	-3.941193
186	12	-3.588242
188	12	-2.57251
190	12	0.072907
192	12	3.602767
194	12	6.797916
196	12	6.582499
198	12	3.045677
200	12	-0.690456
202	12	-1.00922
204	12	-1.203057
206	12	-5.908697
0	13	36.370315
2	13	46.191742
4	13	33.927826
6	13	13.641144
8	13	-2.261367
10	13	-8.06012
12	13	-2.517777
14	13	11.084183
16	13	28.728318
18	13	46.383346
20	13	61.850235
22	13	76.052399
24	13	90.197494
26	13	101.98584
28	13	106.17096
30	13	103.14183
32	13	95.17868
34	13	81.076599
36	13	61.198624
38	13	38.343506
40	13	19.702118
42	13	1.60846
44	13	-16.836914
46	13	-29.956047
48	13	-37.418922
50	13	-46.472839
52	13	-77.601661
54	13	-124.230343
56	13	-176.793764
58	13	-225.272329
60	13	-259.913908
62	13	-270.474876
64	13	-258.265753
66	13	-234.582466
68	13	-207.863796
70	13	-178.051254
72	13	-147.190988
74	13	-120.722145
76	13	-95.188272
78	13	-71.802753
80	13	-52.860119
82	13	-41.079082
84	13	-34.613071
86	13	-30.440464
88	13	-23.416264
90	13	-14.90269
92	13	-10.125419
94	13	-7.959214
96	13	-6.758678
98	13	-6.657196
100	13	-6.617908
102	13	-6.179321
104	13	-6.03788
106	13	-5.97374
108	13	-5.283211
110	13	-3.706497
112	13	-2.523616
114	13	-2.151165
116	13	-1.73945
118	13	-1.305189
120	13	-1.413803
122	13	-2.800515
124	13	-5.427888
126	13	-8.428954
128	13	-10.835818
130	13	-10.624682
132	13	-8.057417
134	13	-5.385643
136	13	-5.624282
138	13	-8.885975
140	13	-13.288769
142	13	-18.598499
144	13	-25.050667
146	13	-32.684883
148	13	-39.343186
150	13	-40.267216
152	13	-33.905913
154	13	-22.578104
156	13	-7.236298
158	13	7.083123
160	13	17.216065
162	13	20.61227
164	13	19.809502
166	13	12.895294
168	13	4.445587
170	13	1.566971
172	13	0.888626
174	13	-1.336533
176	13	-3.757294
178	13	-5.535369
180	13	-5.940552
182	13	-4.91748
184	13	-3.636291
186	13	-3.379075
188	13	-2.4292
190	13	0.219086
192	13	3.638084
194	13	6.520291
196	13	5.989943
198	13	2.312718
200	13	-1.239069
202	13	-1.166767
204	13	-0.829441
206	13	-4.00999
0	14	30.296226
2	14	38.542458
4	14	27.349487
6	14	8.727005
8	14	-6.65477
10	14	-12.525589
12	14	-8.378174
14	14	3.774292
16	14	19.638809
18	14	35.593826
20	14	50.569763
22	14	65.442856
24	14	80.208068
26	14	91.923966
28	14	97.504044
30	14	96.168533
32	14	88.393738
34	14	73.86406
36	14	53.716309
38	14	31.896149
40	14	11.379852
42	14	-9.056396
44	14	-29.684342
46	14	-41.400475
48	14	-45.037995
50	14	-52.730747
52	14	-86.88546
54	14	-136.872917
56	14	-190.879789
58	14	-233.228215
60	14	-259.550665
62	14	-266.065204
64	14	-253.595901
66	14	-229.857607
68	14	-200.988316
70	14	-170.608442
72	14	-140.500548
74	14	-115.294786
76	14	-89.80987
78	14	-67.77619
80	14	-51.241867
82	14	-41.394566
84	14	-35.039883
86	14	-30.588706
88	14	-23.041401
90	14	-14.6539
92	14	-9.91473
94	14	-7.645538
96	14	-6.395817
98	14	-6.260986
100	14	-6.211742
102	14	-5.806424
104	14	-5.690903
106	14	-5.616486
108	14	-4.971374
110	14	-3.57428
112	14	-2.531944
114	14	-2.181652
116	14	-1.789667
118	14	-1.328836
120	14	-1.306276
122	14	-2.512383
124	14	-5.154016
126	14	-8.187165
128	14	-10.349612
130	14	-9.979727
132	14	-7.439944
134	14	-4.736637
136	14	-4.673176
138	14	-7.595962
140	14	-11.586017
142	14	-16.448223
144	14	-22.722584
146	14	-30.449183
148	14	-37.452702
150	14	-38.723341
152	14	-32.144621
154	14	-20.496594
156	14	-5.810591
158	14	7.13528
160	14	15.698075
162	14	18.585682
164	14	18.310578
166	14	12.020866
168	14	4.043793
170	14	1.160675
172	14	0.682831
174	14	-1.141189
176	14	-3.303193
178	14	-5.079788
180	14	-5.372009
182	14	-4.406677
184	14	-3.306916
186	14	-3.132614
188	14	-2.326004
190	14	0.282906
192	14	3.602829
194	14	6.154243
196	14	5.438267
198	14	1.849838
200	14	-1.351856
202	14	-1.094948
204	14	-0.54257
206	14	-2.754753
0	15	24.593354
2	15	31.53614
4	15	22.20523
6	15	5.898056
8	15	-7.790665
10	15	-13.307495
12	15	-10.592514
14	15	-0.914231
16	15	11.755279
18	15	25.28424
20	15	40.936005
22	15	57.237854
24	15	71.707244
26	15	83.561554
28	15	90.70256
30	15	89.932266
32	15	80.554886
34	15	65.347808
36	15	45.664169
38	15	25.42279
40	15	5.55516
42	15	-13.654617
44	15	-33.707863
46	15	-45.238006
48	15	-47.847622
50	15	-60.443495
52	15	-98.528112
54	15	-147.577564
56	15	-197.697861
58	15	-233.373974
60	15	-254.334424
62	15	-258.952152
64	15	-246.857831
66	15	-222.314658
68	15	-193.590866
70	15	-164.043207
72	15	-136.466296
74	15	-111.721257
76	15	-85.743509
78	15	-64.958054
80	15	-50.872955
82	15	-42.826932
84	15	-36.660981
86	15	-30.962051
88	15	-22.959476
90	15	-14.758541
92	15	-9.999126
94	15	-7.614914
96	15	-6.302249
98	15	-6.05888
100	15	-5.914512
102	15	-5.498903
104	15	-5.37104
106	15	-5.286423
108	15	-4.695572
110	15	-3.434471
112	15	-2.502037
114	15	-2.167774
116	15	-1.718983
118	15	-1.149992
120	15	-0.970688
122	15	-2.10919
124	15	-4.713877
126	15	-7.639982
128	15	-9.719533
130	15	-9.326198
132	15	-6.901936
134	15	-4.398048
136	15	-4.191818
138	15	-6.681088
140	15	-10.262684
142	15	-14.734228
144	15	-20.655939
146	15	-28.070418
148	15	-35.023865
150	15	-36.893797
152	15	-31.36329
154	15	-20.382594
156	15	-6.00094
158	15	6.303296
160	15	14.015904
162	15	16.918942
164	15	16.956268
166	15	11.152305
168	15	3.609283
170	15	0.761826
172	15	0.443832
174	15	-1.070205
176	15	-3.018707
178	15	-4.591369
180	15	-4.798569
182	15	-3.892578
184	15	-2.861191
186	15	-2.738251
188	15	-2.047287
190	15	0.367112
192	15	3.519249
194	15	5.84011
196	15	4.940393
198	15	1.281824
200	15	-1.688629
202	15	-1.28128
204	15	-0.248007
206	15	-1.593799
0	16	19.464493
2	16	24.896958
4	16	17.129731
6	16	3.137207
8	16	-8.954239
10	16	-14.598801
12	16	-12.747071
14	16	-4.979812
16	16	4.962493
18	16	16.818192
20	16	32.521118
22	16	49.445724
24	16	65.34874
26	16	79.262489
28	16	87.448182
30	16	85.80101
32	16	74.719132
34	16	58.446564
36	16	37.218216
38	16	16.356415
40	16	-3.174469
42	16	-22.522064
44	16	-40.382691
46	16	-52.058953
48	16	-56.703785
50	16	-69.282043
52	16	-105.870873
54	16	-152.065437
56	16	-197.337723
58	16	-228.104525
60	16	-246.371679
62	16	-250.453973
64	16	-239.996691
66	16	-214.660631
68	16	-187.299256
70	16	-159.561776
72	16	-133.862178
74	16	-108.687445
76	16	-82.779639
78	16	-63.182469
80	16	-51.016065
82	16	-44.116674
84	16	-38.10384
86	16	-31.189426
88	16	-22.995754
90	16	-14.860702
92	16	-10.095421
94	16	-7.651043
96	16	-6.31081
98	16	-5.970608
100	16	-5.736849
102	16	-5.307949
104	16	-5.183086
106	16	-5.112957
108	16	-4.586102
110	16	-3.457634
112	16	-2.593498
114	16	-2.215973
116	16	-1.684278
118	16	-1.064722
120	16	-0.87213
122	16	-1.919872
124	16	-4.275631
126	16	-6.960271
128	16	-8.897166
130	16	-8.447964
132	16	-6.098202
134	16	-3.80921
136	16	-3.648865
138	16	-5.922825
140	16	-9.130799
142	16	-13.177765
144	16	-18.66222
146	16	-25.60601
148	16	-32.31355
150	16	-34.59175
152	16	-30.092498
154	16	-20.194709
156	16	-6.776691
158	16	4.834534
160	16	12.307766
162	16	15.433331
164	16	15.710533
166	16	10.417862
168	16	3.298568
170	16	0.480957
172	16	0.221237
174	16	-1.022202
176	16	-2.665496
178	16	-4.008423
180	16	-4.101196
182	16	-3.277405
184	16	-2.42366
186	16	-2.412293
188	16	-1.848374
190	16	0.386291
192	16	3.348945
194	16	5.472592
196	16	4.452331
198	16	0.595388
200	16	-2.230091
202	16	-1.505203
204	16	0.427366
206	16	-0.52812
0	17	16.080933
2	17	19.870613
4	17	12.417709
6	17	-0.374038
8	17	-11.27008
10	17	-16.500015
12	17	-15.113174
14	17	-8.296142
16	17	0.521546
18	17	11.406662
20	17	26.324906
22	17	44.242187
24	17	62.564286
26	17	78.020508
28	17	84.975692
30	17	81.865814
32	17	70.026924
34	17	52.502228
36	17	30.158234
38	17	7.7462
40	17	-12.418335
42	17	-31.704605
44	17	-50.383606
46	17	-62.122986
48	17	-66.188793
50	17	-77.482079
52	17	-111.13443
54	17	-153.262214
56	17	-194.628586
58	17	-222.763855
60	17	-239.053477
62	17	-242.05815
64	17	-231.783818
66	17	-206.110133
68	17	-180.521879
70	17	-155.778702
72	17	-131.052548
74	17	-105.431804
76	17	-80.251676
78	17	-61.739094
80	17	-50.896292
82	17	-44.694771
84	17	-38.79993
86	17	-31.209514
88	17	-22.92315
90	17	-14.777584
92	17	-9.988926
94	17	-7.48386
96	17	-6.136646
98	17	-5.748806
100	17	-5.497577
102	17	-5.08914
104	17	-4.978504
106	17	-4.876259
108	17	-4.367584
110	17	-3.327068
112	17	-2.496208
114	17	-2.086124
116	17	-1.531665
118	17	-0.948297
120	17	-0.718391
122	17	-1.593262
124	17	-3.745461
126	17	-6.338241
128	17	-8.243677
130	17	-7.777453
132	17	-5.427869
134	17	-3.206738
136	17	-3.035576
138	17	-5.136599
140	17	-8.127169
142	17	-11.925394
144	17	-17.127677
146	17	-23.780314
148	17	-30.238671
150	17	-32.599174
152	17	-28.624511
154	17	-19.432465
156	17	-7.113106
158	17	3.706237
160	17	11.02362
162	17	14.266655
164	17	14.649406
166	17	9.684219
168	17	2.910271
170	17	0.209137
172	17	0.110459
174	17	-0.826554
176	17	-2.233367
178	17	-3.510696
180	17	-3.585632
182	17	-2.857437
184	17	-2.160004
186	17	-2.243576
188	17	-1.789612
190	17	0.303276
192	17	3.065125
194	17	4.944817
196	17	3.907606
198	17	0.186028
200	17	-2.277752
202	17	-1.247909
204	17	1.37356
206	17	0.267356
0	18	14.134407
2	18	16.49749
4	18	9.31514
6	18	-2.657898
8	18	-13.257035
10	18	-18.085922
12	18	-16.345291
14	18	-9.052597
16	18	0.169632
18	18	11.051071
20	18	24.800797
22	18	41.735176
24	18	60.653702
26	18	75.423256
28	18	80.808769
30	18	77.608925
32	18	65.962875
34	18	47.852874
36	18	25.173371
38	18	2.478714
40	18	-18.348175
42	18	-38.15255
44	18	-57.969009
46	18	-71.089577
48	18	-74.714497
50	18	-85.683687
52	18	-115.092281
54	18	-152.836503
56	18	-190.540326
58	18	-217.258236
60	18	-232.083334
62	18	-233.441786
64	18	-221.101325
66	18	-196.253656
68	18	-173.961086
70	18	-151.968855
72	18	-127.734856
74	18	-102.427173
76	18	-78.191205
78	18	-60.566734
80	18	-50.522457
82	18	-44.861521
84	18	-39.030057
86	18	-31.110561
88	18	-22.358306
90	18	-14.300343
92	18	-9.601803
94	18	-7.129708
96	18	-5.866993
98	18	-5.466068
100	18	-5.181606
102	18	-4.782414
104	18	-4.676704
106	18	-4.560211
108	18	-4.081928
110	18	-3.113357
112	18	-2.328911
114	18	-1.947265
116	18	-1.417967
118	18	-0.849165
120	18	-0.539461
122	18	-1.238413
124	18	-3.248474
126	18	-5.652038
128	18	-7.441668
130	18	-7.146953
132	18	-5.001459
134	18	-2.819629
136	18	-2.531266
138	18	-4.438366
140	18	-7.205738
142	18	-10.797873
144	18	-15.743959
146	18	-22.142463
148	18	-28.299494
150	18	-30.569109
152	18	-26.917548
154	18	-18.529817
156	18	-7.19598
158	18	2.930969
160	18	9.989982
162	18	13.203839
164	18	13.621971
166	18	8.987816
168	18	2.612099
170	18	0.144958
172	18	0.216522
174	18	-0.585892
176	18	-1.912095
178	18	-3.154312
180	18	-3.207871
182	18	-2.535614
184	18	-1.940781
186	18	-2.094299
188	18	-1.73056
190	18	0.234116
192	18	2.82547
194	18	4.507431
196	18	3.470623
198	18	0.046551
200	18	-2.051026
202	18	-0.882519
204	18	2.23608
206	18	0.729567
0	19	13.060897
2	19	15.207055
4	19	8.347793
6	19	-3.415649
8	19	-13.736252
10	19	-18.216065
12	19	-16.293228
14	19	-9.201065
16	19	-0.343415
18	19	10.187393
20	19	23.882996
22	19	39.952034
24	19	57.742066
26	19	71.731385
28	19	77.50795
30	19	74.677452
32	19	63.444763
34	19	45.179329
36	19	23.003174
38	19	0.980133
40	19	-19.785568
42	19	-40.584923
44	19	-61.243591
46	19	-74.734012
48	19	-79.280891
50	19	-90.409357
52	19	-116.596588
54	19	-151.094208
56	19	-185.689999
58	19	-210.95039
60	19	-224.681886
62	19	-225.118083
64	19	-212.097292
66	19	-188.718552
68	19	-168.107349
70	19	-146.947796
72	19	-123.735381
74	19	-99.415511
76	19	-76.14545
78	19	-59.369478
80	19	-49.993014
82	19	-44.654744
84	19	-38.971959
86	19	-30.985124
88	19	-21.904427
90	19	-13.966717
92	19	-9.317047
94	19	-6.928791
96	19	-5.753601
98	19	-5.336903
100	19	-5.000635
102	19	-4.599421
104	19	-4.491825
106	19	-4.383453
108	19	-3.927807
110	19	-3.015274
112	19	-2.280155
114	19	-1.90522
116	19	-1.387007
118	19	-0.825543
120	19	-0.494258
122	19	-1.104742
124	19	-2.930738
126	19	-5.115233
128	19	-6.739007
130	19	-6.440235
132	19	-4.452903
134	19	-2.409603
136	19	-2.12714
138	19	-3.95327
140	19	-6.601165
142	19	-10.008434
144	19	-14.62903
146	19	-20.59811
148	19	-26.399944
150	19	-28.641936
152	19	-25.430704
154	19	-17.734632
156	19	-7.195327
158	19	2.304325
160	19	9.042244
162	19	12.171326
164	19	12.626915
166	19	8.399834
168	19	2.517029
170	19	0.260758
172	19	0.341415
174	19	-0.428513
176	19	-1.733292
178	19	-2.926148
180	19	-2.922073
182	19	-2.292953
184	19	-1.780716
186	19	-1.967713
188	19	-1.657776
190	19	0.190926
192	19	2.666519
194	19	4.272743
196	19	3.237091
198	19	0.040073
200	19	-1.778343
202	19	-0.551937
204	19	2.934789
206	19	0.982108
0	20	12.627129
2	20	15.784012
4	20	9.823227
6	20	-1.881302
8	20	-12.46904
10	20	-17.509369
12	20	-16.287643
14	20	-10.310699
16	20	-2.641693
18	20	7.488297
20	20	21.483071
22	20	37.975968
24	20	55.710465
26	20	69.36612
28	20	75.10051
30	20	72.426827
32	20	61.64428
34	20	44.039573
36	20	22.286591
38	20	1.131638
40	20	-18.816818
42	20	-39.154434
44	20	-59.853516
46	20	-72.799739
48	20	-77.591599
50	20	-89.222625
52	20	-114.816109
54	20	-148.56987
56	20	-181.094037
58	20	-204.256622
60	20	-217.042389
62	20	-217.053275
64	20	-203.642025
66	20	-181.674517
68	20	-161.647373
70	20	-141.339599
72	20	-119.403597
74	20	-95.914128
76	20	-73.65227
78	20	-57.848751
80	20	-48.579014
82	20	-43.199764
84	20	-37.714327
86	20	-30.097151
88	20	-21.254019
90	20	-13.462414
92	20	-8.911983
94	20	-6.706826
96	20	-5.620358
98	20	-5.188665
100	20	-4.832953
102	20	-4.434462
104	20	-4.329436
106	20	-4.219131
108	20	-3.778744
110	20	-2.921936
112	20	-2.234753
114	20	-1.880459
116	20	-1.376528
118	20	-0.843107
120	20	-0.542755
122	20	-1.123056
124	20	-2.81447
126	20	-4.850247
128	20	-6.331317
130	20	-5.992001
132	20	-4.120254
134	20	-2.221765
136	20	-1.982979
138	20	-3.736732
140	20	-6.245185
142	20	-9.416103
144	20	-13.70796
146	20	-19.335258
148	20	-24.826942
150	20	-27.017926
152	20	-24.098993
154	20	-16.934894
156	20	-7.105541
158	20	1.809586
160	20	8.200295
162	20	11.242741
164	20	11.748192
166	20	7.865784
168	20	2.421318
170	20	0.305351
172	20	0.385086
174	20	-0.314483
176	20	-1.592636
178	20	-2.754776
180	20	-2.721069
182	20	-2.121674
184	20	-1.673339
186	20	-1.884613
188	20	-1.600906
190	20	0.151436
192	20	2.5448
194	20	4.121518
196	20	3.132172
198	20	0.097198
200	20	-1.516945
202	20	-0.25621
204	20	3.49934
206	20	0.733494
0	21	12.582367
2	21	17.492401
4	21	12.043945
6	21	0.434296
8	21	-10.404419
10	21	-15.973084
12	21	-15.444565
14	21	-10.491485
16	21	-4.069702
18	21	5.434265
20	21	19.347084
22	21	36.099403
24	21	53.881836
26	21	66.774681
28	21	71.749092
30	21	68.804581
32	21	58.069016
34	21	41.00888
36	21	20.492386
38	21	0.990723
40	21	-17.363434
42	21	-36.288528
44	21	-56.022369
46	21	-68.856373
48	21	-74.852414
50	21	-87.703553
52	21	-112.676184
54	21	-144.83625
56	21	-175.696549
58	21	-197.348526
60	21	-209.082773
62	21	-208.625929
64	21	-195.927322
66	21	-175.344183
68	21	-156.298748
70	21	-136.733784
72	21	-115.581137
74	21	-93.02241
76	21	-71.672579
78	21	-56.181005
80	21	-46.76166
82	21	-41.30637
84	21	-36.09
86	21	-28.874198
88	21	-20.447725
90	21	-12.884804
92	21	-8.500652
94	21	-6.433583
96	21	-5.409361
98	21	-4.978933
100	21	-4.62269
102	21	-4.238661
104	21	-4.13681
106	21	-4.026207
108	21	-3.617401
110	21	-2.824062
112	21	-2.18523
114	21	-1.847996
116	21	-1.353607
118	21	-0.822391
120	21	-0.518457
122	21	-1.046448
124	21	-2.672661
126	21	-4.661993
128	21	-6.080687
130	21	-5.709168
132	21	-3.866772
134	21	-2.028389
136	21	-1.775994
138	21	-3.368942
140	21	-5.682862
142	21	-8.668911
144	21	-12.771062
146	21	-18.141535
148	21	-23.328651
150	21	-25.457301
152	21	-22.822234
154	21	-16.136156
156	21	-6.937493
158	21	1.442276
160	21	7.458893
162	21	10.383968
164	21	10.933556
166	21	7.355843
168	21	2.297661
170	21	0.323357
172	21	0.430924
174	21	-0.192413
176	21	-1.467682
178	21	-2.61351
180	21	-2.557861
182	21	-1.979996
184	21	-1.58548
186	21	-1.817825
188	21	-1.552215
190	21	0.133705
192	21	2.473446
194	21	4.037842
196	21	3.078961
198	21	0.148239
200	21	-1.342617
202	21	-0.07077
204	21	3.872362
206	21	-0.14214
0	22	12.931847
2	22	18.324135
4	22	13.141937
6	22	1.780502
8	22	-9.028564
10	22	-14.781707
12	22	-14.614609
14	22	-10.200508
16	22	-4.456948
18	22	4.512047
20	22	18.124435
22	22	34.788033
24	22	52.26764
26	22	64.636566
28	22	69.237709
30	22	66.177513
32	22	55.553696
34	22	39.041084
36	22	19.584884
38	22	1.293229
40	22	-15.740722
42	22	-33.525627
44	22	-52.722802
46	22	-65.861477
48	22	-72.606727
50	22	-85.718317
52	22	-109.800152
54	22	-140.778625
56	22	-170.520397
58	22	-191.019917
60	22	-201.679402
62	22	-200.779985
64	22	-188.50845
66	22	-168.815584
68	22	-150.53796
70	22	-131.79847
72	22	-111.678491
74	22	-90.075898
76	22	-69.310487
78	22	-54.111448
80	22	-44.832913
82	22	-39.538499
84	22	-34.520673
86	22	-27.639042
88	22	-19.613003
90	22	-12.37021
92	22	-8.165257
94	22	-6.185284
96	22	-5.209097
98	22	-4.788612
100	22	-4.433424
102	22	-4.05787
104	22	-3.938635
106	22	-3.81759
108	22	-3.431648
110	22	-2.687565
112	22	-2.076863
114	22	-1.742144
116	22	-1.252918
118	22	-0.728645
120	22	-0.431153
122	22	-0.919161
124	22	-2.482218
126	22	-4.418465
128	22	-5.795951
130	22	-5.424129
132	22	-3.611398
134	22	-1.838912
136	22	-1.600918
138	22	-3.086531
140	22	-5.236345
142	22	-8.055591
144	22	-11.938435
146	22	-17.046246
148	22	-21.959622
150	22	-23.990964
152	22	-21.577291
154	22	-15.306715
156	22	-6.690142
158	22	1.140789
160	22	6.71661
162	22	9.467045
164	22	10.068821
166	22	6.815651
168	22	2.142105
170	22	0.335167
172	22	0.468208
174	22	-0.078964
176	22	-1.34906
178	22	-2.480606
180	22	-2.4104
182	22	-1.84549
184	22	-1.481034
186	22	-1.726944
188	22	-1.474091
190	22	0.1678
192	22	2.4449
194	22	3.983707
196	22	3.033569
198	22	0.152496
200	22	-1.281124
202	22	-0.079449
204	22	3.926248
206	22	-1.215267
0	23	13.082206
2	23	18.384086
4	23	13.160477
6	23	1.808335
8	23	-8.897171
10	23	-14.529083
12	23	-14.30172
14	23	-9.856079
16	23	-4.150299
18	23	4.651497
20	23	18.045219
22	23	34.537826
24	23	51.768646
26	23	63.909393
28	23	68.284302
30	23	65.117958
32	23	54.675728
34	23	38.704208
36	23	19.958458
38	23	2.328582
40	23	-13.987609
42	23	-31.062508
44	23	-49.658485
46	23	-62.56675
48	23	-69.401562
50	23	-82.116316
52	23	-105.212074
54	23	-134.980392
56	23	-163.48391
58	23	-182.876289
60	23	-192.722407
62	23	-191.65118
64	23	-179.812003
66	23	-161.040182
68	23	-143.713508
70	23	-126.131363
72	23	-107.20811
74	23	-86.595917
76	23	-66.624659
78	23	-52.003205
80	23	-43.04634
82	23	-37.939935
84	23	-33.080988
86	23	-26.485529
88	23	-18.815433
90	23	-11.895874
92	23	-7.857391
94	23	-5.9501
96	23	-5.018379
98	23	-4.601181
100	23	-4.244477
102	23	-3.872795
104	23	-3.742449
106	23	-3.614475
108	23	-3.243662
110	23	-2.539398
112	23	-1.95241
114	23	-1.62581
116	23	-1.15204
118	23	-0.642809
120	23	-0.361502
122	23	-0.828647
124	23	-2.333044
126	23	-4.201224
128	23	-5.521047
130	23	-5.144884
132	23	-3.382322
134	23	-1.685299
136	23	-1.461151
138	23	-2.860119
140	23	-4.869114
142	23	-7.533155
144	23	-11.214844
146	23	-16.062665
148	23	-20.703176
150	23	-22.630793
152	23	-20.392849
154	23	-14.473356
156	23	-6.356287
158	23	0.975216
160	23	6.125358
162	23	8.691887
164	23	9.317963
166	23	6.345864
168	23	2.003074
170	23	0.322311
172	23	0.467621
174	23	-0.013161
176	23	-1.248138
178	23	-2.329864
180	23	-2.252686
182	23	-1.709702
184	23	-1.373703
186	23	-1.633423
188	23	-1.402161
190	23	0.200112
192	23	2.415375
194	23	3.885471
196	23	2.934248
198	23	0.117954
200	23	-1.374405
202	23	-0.393467
204	23	3.830554
206	23	-1.74464
0	24	13.104523
2	24	18.171722
4	24	12.978806
6	24	1.870041
8	24	-8.533623
10	24	-13.956131
12	24	-13.650055
14	24	-9.208877
16	24	-3.598397
18	24	4.980445
20	24	18.034233
22	24	34.13456
24	24	50.921761
26	24	62.766106
28	24	66.997147
30	24	63.856926
32	24	53.667618
34	24	38.171509
36	24	20.019859
38	24	2.948616
40	24	-12.800217
42	24	-29.263466
44	24	-47.140076
46	24	-59.531617
48	24	-66.127918
50	24	-78.246819
52	24	-100.288996
54	24	-128.734829
56	24	-155.924968
58	24	-174.318314
60	24	-183.597582
62	24	-182.555258
64	24	-171.303061
66	24	-153.483629
68	24	-137.077652
70	24	-120.506539
72	24	-102.638037
74	24	-83.03689
76	24	-63.943304
78	24	-49.905991
80	24	-41.258288
82	24	-36.330809
84	24	-31.663183
86	24	-25.356977
88	24	-18.030336
90	24	-11.41979
92	24	-7.546762
94	24	-5.714188
96	24	-4.819628
98	24	-4.409582
100	24	-4.054514
102	24	-3.688604
104	24	-3.552248
106	24	-3.424091
108	24	-3.072529
110	24	-2.406735
112	24	-1.846065
114	24	-1.529782
116	24	-1.075559
118	24	-0.589827
120	24	-0.322359
122	24	-0.771124
124	24	-2.212371
126	24	-4.006006
128	24	-5.272271
130	24	-4.908462
132	24	-3.212093
134	24	-1.581698
136	24	-1.361772
138	24	-2.674773
140	24	-4.552013
142	24	-7.058088
144	24	-10.55082
146	24	-15.145678
148	24	-19.518148
150	24	-21.339416
152	24	-19.249993
154	24	-13.670925
156	24	-6.041283
158	24	0.836163
160	24	5.65945
162	24	8.083168
164	24	8.695461
166	24	5.945595
168	24	1.896278
170	24	0.329628
172	24	0.477531
174	24	0.027771
176	24	-1.159004
178	24	-2.180939
180	24	-2.093292
182	24	-1.578827
184	24	-1.279908
186	24	-1.55526
188	24	-1.345703
190	24	0.211632
192	24	2.356758
194	24	3.763344
196	24	2.81913
198	24	0.077246
200	24	-1.535881
202	24	-0.742947
204	24	3.675949
206	24	-1.8268
0	25	12.842724
2	25	17.741013
4	25	12.694764
6	25	1.928291
8	25	-8.143975
10	25	-13.384064
12	25	-13.06427
14	25	-8.722481
16	25	-3.258232
18	25	5.080033
20	25	17.755424
22	25	33.382027
24	25	49.656708
26	25	61.138206
28	25	65.224876
30	25	62.146653
32	25	52.224083
34	25	37.174682
36	25	19.590409
38	25	3.086945
40	25	-12.08786
42	25	-27.9132
44	25	-45.038398
46	25	-56.867111
48	25	-63.139893
50	25	-74.674249
52	25	-95.700066
54	25	-122.844993
56	25	-148.754944
58	25	-166.233963
60	25	-175.036091
62	25	-174.042147
64	25	-163.345402
66	25	-146.388809
68	25	-130.781559
70	25	-115.03125
72	25	-98.038702
74	25	-79.3625
76	25	-61.133728
78	25	-47.7095
80	25	-39.422012
82	25	-34.693491
84	25	-30.227324
86	25	-24.211215
88	25	-17.227537
90	25	-10.922543
92	25	-7.222057
94	25	-5.470272
96	25	-4.612507
98	25	-4.213222
100	25	-3.86516
102	25	-3.507599
104	25	-3.370125
106	25	-3.24535
108	25	-2.912428
110	25	-2.282392
112	25	-1.74873
114	25	-1.44347
116	25	-1.008879
118	25	-0.546631
120	25	-0.292967
122	25	-0.722459
124	25	-2.097753
126	25	-3.81156
128	25	-5.021157
130	25	-4.674409
132	25	-3.05482
134	25	-1.497408
136	25	-1.282245
138	25	-2.513661
140	25	-4.270292
142	25	-6.621671
144	25	-9.916288
146	25	-14.247168
148	25	-18.350933
150	25	-20.055601
152	25	-18.095369
154	25	-12.852532
156	25	-5.699722
158	25	0.73806
160	25	5.259262
162	25	7.540546
164	25	8.125446
166	25	5.576668
168	25	1.80056
170	25	0.338791
172	25	0.487007
174	25	0.057404
176	25	-1.084053
178	25	-2.054978
180	25	-1.958221
182	25	-1.469269
184	25	-1.201264
186	25	-1.486138
188	25	-1.294243
190	25	0.214737
192	25	2.289929
194	25	3.642548
196	25	2.712976
198	25	0.044885
200	25	-1.592651
202	25	-0.898766
204	25	3.542492
206	25	-1.547192
