0	1	1.333731
2	1	4.129409
4	1	7.472618
6	1	11.17847
8	1	15.194973
10	1	18.593206
12	1	20.607372
14	1	22.952409
16	1	27.330604
18	1	34.033792
20	1	42.195063
22	1	49.588068
24	1	55.225336
26	1	59.052666
28	1	61.345341
30	1	62.76923
32	1	63.901253
34	1	64.668812
36	1	64.991917
38	1	65.432259
40	1	66.688911
42	1	68.785225
44	1	71.552299
46	1	74.511528
48	1	76.713272
50	1	76.04731
52	1	72.403702
54	1	68.328308
56	1	66.004021
58	1	68.819939
60	1	81.046937
62	1	101.79757
64	1	121.073342
66	1	122.833007
68	1	97.617828
70	1	55.397537
72	1	19.787475
74	1	12.694145
76	1	27.64214
78	1	44.735428
80	1	51.714857
82	1	49.261842
84	1	40.380154
86	1	29.287098
88	1	20.107953
90	1	14.344661
92	1	11.40869
94	1	10.043306
96	1	9.248022
98	1	8.82132
100	1	8.665518
102	1	8.377831
104	1	7.894441
106	1	7.00934
108	1	6.530642
110	1	6.513081
112	1	6.988457
114	1	7.953531
116	1	9.140934
118	1	10.152542
120	1	10.838749
122	1	11.332992
124	1	11.636329
126	1	11.662949
128	1	11.426124
130	1	11.73568
132	1	13.467854
134	1	15.754028
136	1	18.105461
138	1	20.819695
140	1	23.280861
142	1	24.816017
144	1	25.523094
146	1	25.296631
148	1	23.756417
150	1	20.300698
152	1	14.852615
154	1	7.63628
156	1	-0.084763
158	1	-6.975239
160	1	-11.454788
162	1	-13.283689
164	1	-12.698021
166	1	-8.622086
168	1	-1.865505
170	1	1.825241
172	1	-0.288552
174	1	-4.036995
176	1	-4.676376
178	1	-3.377472
180	1	-2.784988
182	1	-3.015244
184	1	-2.183807
186	1	0.34359
188	1	3.745774
190	1	6.89806
192	1	8.362571
194	1	7.717875
196	1	6.355127
198	1	6.47855
200	1	9.454641
202	1	16.502178
204	1	30.536357
206	1	46.518029
0	2	5.537303
2	2	9.594958
4	2	13.093193
6	2	16.839159
8	2	21.46122
10	2	25.803133
12	2	28.110188
14	2	31.369343
16	2	37.423104
18	2	46.383808
20	2	57.002067
22	2	66.667914
24	2	74.812309
26	2	81.360123
28	2	86.147621
30	2	89.565533
32	2	92.144749
34	2	94.327782
36	2	96.334472
38	2	98.454628
40	2	101.339927
42	2	104.86116
44	2	108.612686
46	2	111.563652
48	2	112.900116
50	2	109.992035
52	2	102.145386
54	2	94.502929
56	2	93.509155
58	2	102.660248
60	2	121.593857
62	2	141.62323
64	2	145.270386
66	2	118.174294
68	2	66.950165
70	2	18.373871
72	2	-3.106751
74	2	3.567802
76	2	23.656906
78	2	42.362816
80	2	51.226992
82	2	49.910644
84	2	41.336941
86	2	30.245824
88	2	20.991014
90	2	15.194773
92	2	12.3044
94	2	10.983619
96	2	10.090626
98	2	9.500806
100	2	9.073274
102	2	8.065723
104	2	6.806963
106	2	5.645571
108	2	4.813375
110	2	4.430959
112	2	4.851371
114	2	6.116679
116	2	7.66958
118	2	9.020237
120	2	9.9884
122	2	10.611176
124	2	10.929485
126	2	10.787617
128	2	10.674309
130	2	11.479122
132	2	14.110955
134	2	17.604432
136	2	21.057076
138	2	24.431565
140	2	27.023461
142	2	28.420845
144	2	29.030373
146	2	28.77314
148	2	26.932709
150	2	22.929589
152	2	16.813866
154	2	8.578773
156	2	-0.401806
158	2	-9.607688
160	2	-17.507969
162	2	-23.035644
164	2	-25.835707
166	2	-24.544705
168	2	-18.482429
170	2	-12.670624
172	2	-10.373566
174	2	-9.121795
176	2	-6.167038
178	2	-3.601272
180	2	-3.0029
182	2	-3.360199
184	2	-2.598297
186	2	-0.157501
188	2	3.319481
190	2	7.036888
192	2	9.617718
194	2	9.470122
196	2	8.680015
198	2	9.505825
200	2	14.446106
202	2	21.666182
204	2	35.83192
206	2	52.401823
0	3	12.60629
2	3	19.450009
4	3	23.362125
6	3	27.026897
8	3	31.932956
10	3	35.806347
12	3	38.47372
14	3	43.313839
16	3	51.504429
18	3	62.713119
20	3	75.355435
22	3	87.22305
24	3	98.962692
26	3	110.088375
28	3	119.9366
30	3	128.043755
32	3	134.01284
34	3	138.242226
36	3	141.030014
38	3	142.419479
40	3	142.901405
42	3	142.647507
44	3	141.394272
46	3	138.804413
48	3	135.835175
50	3	132.572495
52	3	128.353744
54	3	125.166321
56	3	124.401886
58	3	125.845734
60	3	127.070144
62	3	122.583313
64	3	101.114914
66	3	59.10244
68	3	10.870422
70	3	-21.957611
72	3	-24.308083
74	3	-4.468649
76	3	18.820837
78	3	36.407483
80	3	45.047822
82	3	44.410827
84	3	36.902633
86	3	27.17682
88	3	19.057101
90	3	13.918381
92	3	11.34247
94	3	10.166495
96	3	9.285294
98	3	8.532881
100	3	7.617283
102	3	5.75765
104	3	3.825227
106	3	2.914877
108	3	1.866782
110	3	1.121933
112	3	1.321127
114	3	2.448202
116	3	3.957727
118	3	5.414562
120	3	6.554445
122	3	7.164868
124	3	7.387844
126	3	7.508754
128	3	7.772698
130	3	8.266357
132	3	9.981949
134	3	14.001663
136	3	18.732048
138	3	22.497147
140	3	24.880875
142	3	25.908325
144	3	26.190956
146	3	25.624878
148	3	23.73558
150	3	20.023026
152	3	14.089661
154	3	5.585335
156	3	-4.064385
158	3	-14.389599
160	3	-24.066129
162	3	-31.739743
164	3	-36.404139
166	3	-35.424583
168	3	-28.904938
170	3	-21.753204
172	3	-17.10643
174	3	-13.232132
176	3	-7.980789
178	3	-3.560257
180	3	-2.050934
182	3	-2.242508
184	3	-2.063156
186	3	-0.532531
188	3	2.361969
190	3	5.442162
192	3	7.00589
194	3	5.704491
196	3	3.819675
198	3	3.779404
200	3	7.653992
202	3	13.514971
204	3	25.940376
206	3	37.483562
0	4	17.251426
2	4	27.956791
4	4	34.712833
6	4	39.985706
8	4	45.435741
10	4	49.325851
12	4	52.645656
14	4	58.638389
16	4	68.592614
18	4	82.02198
20	4	96.370628
22	4	110.42823
24	4	125.263813
26	4	139.475288
28	4	150.965424
30	4	158.400612
32	4	161.751464
34	4	161.637054
36	4	158.616852
38	4	153.394829
40	4	146.369271
42	4	138.464722
44	4	131.18901
46	4	125.808899
48	4	122.022308
50	4	120.827378
52	4	121.071076
54	4	117.012176
56	4	107.809204
58	4	97.056275
60	4	83.681595
62	4	63.407257
64	4	32.622666
66	4	-4.887635
68	4	-36.483765
70	4	-44.538735
72	4	-27.270436
74	4	-0.409606
76	4	22.978938
78	4	36.253751
80	4	41.114735
82	4	38.917327
84	4	31.849237
86	4	23.823
88	4	17.261648
90	4	12.980297
92	4	10.548879
94	4	9.275268
96	4	8.649225
98	4	8.032344
100	4	6.749984
102	4	5.578058
104	4	4.755705
106	4	3.247466
108	4	1.621037
110	4	0.556601
112	4	0.530035
114	4	1.226524
116	4	2.26981
118	4	3.278035
120	4	4.19101
122	4	4.908001
124	4	5.102646
126	4	4.941275
128	4	5.181305
130	4	6.39583
132	4	8.39011
134	4	11.846035
136	4	16.686134
138	4	20.731209
140	4	23.214958
142	4	24.341934
144	4	24.689087
146	4	24.225128
148	4	22.571464
150	4	18.972419
152	4	13.421913
154	4	5.555252
156	4	-4.127743
158	4	-15.766806
160	4	-28.013407
162	4	-38.607274
164	4	-45.070183
166	4	-44.991684
168	4	-38.813278
170	4	-31.087082
172	4	-24.704346
174	4	-18.345444
176	4	-10.885238
178	4	-4.206894
180	4	-0.656418
182	4	-0.059723
184	4	-0.706497
186	4	-1.023803
188	4	-0.239441
190	4	1.137009
192	4	1.505489
194	4	0.149157
196	4	-1.810571
198	4	-2.521354
200	4	-0.519627
202	4	4.388651
204	4	14.982836
206	4	19.181345
0	5	21.828823
2	5	37.109829
4	5	46.886799
6	5	53.759136
8	5	59.946076
10	5	64.92294
12	5	68.479195
14	5	74.625332
16	5	84.571895
18	5	98.343548
20	5	113.56268
22	5	127.691681
24	5	140.727665
26	5	151.101471
28	5	157.680397
30	5	159.99694
32	5	158.216744
34	5	153.009224
36	5	144.996354
38	5	134.636352
40	5	122.799866
42	5	111.478607
44	5	102.720718
46	5	97.889541
48	5	96.715912
50	5	98.712723
52	5	99.664948
54	5	94.235276
56	5	81.73114
58	5	62.494797
60	5	36.349426
62	5	3.688873
64	5	-31.271324
66	5	-58.957592
68	5	-68.984877
70	5	-56.323913
72	5	-26.106506
74	5	5.320534
76	5	26.597765
78	5	35.926439
80	5	37.225564
82	5	33.315485
84	5	26.774226
86	5	20.216082
88	5	15.01009
90	5	11.329006
92	5	8.882721
94	5	7.36509
96	5	6.586101
98	5	5.854899
100	5	4.350776
102	5	2.991738
104	5	1.628328
106	5	0.194851
108	5	-1.311268
110	5	-2.49757
112	5	-2.693435
114	5	-1.948666
116	5	-0.763205
118	5	0.598641
120	5	1.944326
122	5	2.988565
124	5	3.567021
126	5	3.721795
128	5	3.99767
130	5	5.330195
132	5	7.84991
134	5	11.707821
136	5	16.439499
138	5	20.280091
140	5	22.749069
142	5	23.729035
144	5	23.739425
146	5	22.957276
148	5	20.990723
150	5	17.483795
152	5	12.017418
154	5	4.549889
156	5	-5.553192
158	5	-17.691646
160	5	-31.303089
162	5	-44.18569
164	5	-53.347111
166	5	-55.921188
168	5	-50.817627
170	5	-41.290496
172	5	-31.208694
174	5	-21.775635
176	5	-12.863083
178	5	-5.492966
180	5	-1.667022
182	5	-1.442978
184	5	-2.603836
186	5	-3.534943
188	5	-3.340561
190	5	-2.508087
192	5	-2.872837
194	5	-5.073149
196	5	-7.579361
198	5	-8.951112
200	5	-8.308468
202	5	-4.639032
204	5	2.58228
206	5	2.125286
0	6	27.151637
2	6	46.292002
4	6	56.966866
6	6	63.702229
8	6	69.632042
10	6	74.294384
12	6	77.024433
14	6	81.605949
16	6	89.870762
18	6	101.889988
20	6	115.201882
22	6	126.834625
24	6	136.911801
26	6	144.463703
28	6	148.611824
30	6	148.946754
32	6	145.55484
34	6	138.596405
36	6	128.904671
38	6	117.232956
40	6	104.73983
42	6	93.117478
44	6	84.334412
46	6	79.712921
48	6	79.120269
50	6	81.057617
52	6	81.547867
54	6	75.471527
56	6	59.172554
58	6	31.519554
60	6	-6.246544
62	6	-48.950916
64	6	-85.214199
66	6	-101.770557
68	6	-91.62061
70	6	-61.035564
72	6	-23.168261
74	6	9.417435
76	6	28.655959
78	6	35.272748
80	6	33.957313
82	6	28.535744
84	6	21.97885
86	6	16.119147
88	6	11.56097
90	6	8.156986
92	6	6.006481
94	6	4.75436
96	6	3.585682
98	6	2.359444
100	6	1.054107
102	6	-0.17519
104	6	-1.603721
106	6	-2.850857
108	6	-4.013565
110	6	-4.978752
112	6	-5.367065
114	6	-4.658489
116	6	-3.145565
118	6	-1.409401
120	6	0.141167
122	6	1.404204
124	6	2.293841
126	6	3.014952
128	6	3.901642
130	6	5.503179
132	6	8.084614
134	6	11.79493
136	6	15.983403
138	6	19.429909
140	6	21.533531
142	6	22.316643
144	6	22.01493
146	6	21.036819
148	6	19.124901
150	6	15.952343
152	6	10.845859
154	6	3.609394
156	6	-6.37209
158	6	-18.813663
160	6	-33.054151
162	6	-47.015398
164	6	-58.033566
166	6	-62.752762
168	6	-59.095764
170	6	-48.84256
172	6	-36.11493
174	6	-24.247391
176	6	-14.926056
178	6	-8.529724
180	6	-5.644775
182	6	-5.79306
184	6	-7.269973
186	6	-8.416489
188	6	-8.12526
190	6	-7.570915
192	6	-8.121613
194	6	-10.120652
196	6	-12.906245
198	6	-14.942254
200	6	-15.426227
202	6	-13.17933
204	6	-10.127104
206	6	-11.975108
0	7	33.127253
2	7	56.190581
4	7	67.27211
6	7	72.938244
8	7	77.402382
10	7	80.475742
12	7	81.461067
14	7	83.894219
16	7	89.771446
18	7	99.473121
20	7	110.393292
22	7	119.412945
24	7	127.024426
26	7	132.60482
28	7	135.300991
30	7	134.381187
32	7	129.992668
34	7	122.431328
36	7	112.141678
38	7	99.908036
40	7	86.899078
42	7	75.053498
44	7	66.422241
46	7	62.103027
48	7	61.610428
50	7	62.999115
52	7	62.488221
54	7	54.585121
56	7	34.496216
58	7	0.438683
60	7	-45.140347
62	7	-93.105988
64	7	-126.967018
66	7	-131.548523
68	7	-104.793141
70	7	-60.772197
72	7	-17.669063
74	7	13.17942
76	7	29.673323
78	7	33.734411
80	7	30.357701
82	7	23.600413
84	7	16.595917
86	7	10.881775
88	7	6.735127
90	7	3.917603
92	7	2.270492
94	7	1.452424
96	7	0.796123
98	7	-0.220573
100	7	-1.279552
102	7	-2.499309
104	7	-3.992359
106	7	-5.378784
108	7	-6.578766
110	7	-7.145283
112	7	-7.114888
114	7	-6.457181
116	7	-5.179666
118	7	-3.388891
120	7	-1.545883
122	7	0.070983
124	7	1.372971
126	7	2.603727
128	7	4.087714
130	7	6.019834
132	7	8.584087
134	7	11.906634
136	7	15.46154
138	7	18.391861
140	7	20.008385
142	7	20.564338
144	7	20.133271
146	7	18.964187
148	7	16.929275
150	7	13.706635
152	7	8.752815
154	7	1.805221
156	7	-7.906005
158	7	-20.363131
160	7	-34.714361
162	7	-49.072686
164	7	-60.626957
166	7	-66.059043
168	7	-63.600067
170	7	-54.080322
172	7	-39.92981
174	7	-25.698074
176	7	-15.621856
178	7	-9.160995
180	7	-5.890396
182	7	-6.001587
184	7	-8.386093
186	7	-10.541901
188	7	-11.494125
190	7	-11.901306
192	7	-12.978016
194	7	-14.858006
196	7	-17.377545
198	7	-19.703331
200	7	-20.816799
202	7	-19.817908
204	7	-20.651157
206	7	-21.532732
0	8	38.988896
2	8	65.354591
4	8	76.406984
6	8	80.505852
8	8	83.346165
10	8	84.744438
12	8	84.033901
14	8	84.449165
16	8	87.936054
18	8	95.114631
20	8	103.589398
22	8	110.332664
24	8	115.846531
26	8	119.696907
28	8	120.969055
30	8	119.001122
32	8	113.82367
34	8	105.92025
36	8	95.660088
38	8	83.342057
40	8	70.243393
42	8	58.520828
44	8	50.250519
46	8	46.215667
48	8	45.476181
50	8	45.851364
52	8	43.759903
54	8	33.853714
56	8	10.849113
58	8	-27.502728
60	8	-77.421173
62	8	-126.512257
64	8	-155.389919
66	8	-149.113774
68	8	-110.363938
70	8	-57.938298
72	8	-12.042015
74	8	16.825397
76	8	30.019913
78	8	32.18487
80	8	27.218502
82	8	19.455002
84	8	12.57012
86	8	7.48088
88	8	4.127296
90	8	2.28347
92	8	1.02008
94	8	0.182113
96	8	-0.316608
98	8	-1.138206
100	8	-2.325172
102	8	-3.748867
104	8	-5.209
106	8	-6.562844
108	8	-7.595299
110	8	-8.219326
112	8	-8.280029
114	8	-7.702477
116	8	-6.395538
118	8	-4.487011
120	8	-2.447536
122	8	-0.568613
124	8	1.121901
126	8	2.746158
128	8	4.532384
130	8	6.567246
132	8	8.98796
134	8	11.916574
136	8	14.928688
138	8	17.363372
140	8	18.606793
142	8	18.934234
144	8	18.334595
146	8	16.877674
148	8	14.609577
150	8	11.359597
152	8	6.633098
154	8	-0.018783
156	8	-9.393842
158	8	-21.472225
160	8	-35.315223
162	8	-49.113014
164	8	-60.24958
166	8	-66.305954
168	8	-65.475449
170	8	-56.403518
172	8	-39.853775
174	8	-24.73645
176	8	-14.410141
178	8	-8.125504
180	8	-6.034301
182	8	-7.740632
184	8	-10.973633
186	8	-13.509766
188	8	-14.895096
190	8	-15.585335
192	8	-16.674946
194	8	-18.331324
196	8	-20.92911
198	8	-23.758149
200	8	-25.24037
202	8	-24.774846
204	8	-27.436331
206	8	-26.801079
0	9	44.22479
2	9	73.019493
4	9	83.611179
6	9	85.949215
8	9	86.893074
10	9	86.662884
12	9	84.372421
14	9	82.891723
16	9	84.21384
18	9	89.173493
20	9	95.58031
22	9	100.395809
24	9	104.108379
26	9	106.304191
28	9	106.215805
30	9	103.288903
32	9	97.672829
34	9	89.74926
36	9	79.656555
38	9	67.6716
40	9	54.934318
42	9	43.511764
44	9	35.446922
46	9	31.384773
48	9	30.215034
50	9	29.66407
52	9	26.209816
54	9	14.716812
56	9	-10.250259
58	9	-50.915481
60	9	-102.1127
62	9	-149.052961
64	9	-171.381465
66	9	-156.283947
68	9	-110.141933
70	9	-54.094627
72	9	-8.045678
74	9	19.504452
76	9	30.009751
78	9	29.67535
80	9	24.339904
82	9	17.600261
84	9	11.592514
86	9	7.17894
88	9	4.193699
90	9	2.279472
92	9	1.177497
94	9	0.325299
96	9	-0.579608
98	9	-1.72419
100	9	-3.085907
102	9	-4.477478
104	9	-5.807758
106	9	-6.948986
108	9	-7.879929
110	9	-8.496094
112	9	-8.593105
114	9	-8.052059
116	9	-6.767193
118	9	-4.907303
120	9	-2.823963
122	9	-0.759281
124	9	1.213518
126	9	3.079041
128	9	4.989389
130	9	6.986814
132	9	9.181514
134	9	11.741353
136	9	14.395494
138	9	16.48999
140	9	17.573975
142	9	17.729381
144	9	16.974533
146	9	15.324021
148	9	12.894359
150	9	9.633259
152	9	5.151003
154	9	-1.20842
156	9	-10.206107
158	9	-21.531113
160	9	-34.239735
162	9	-46.876211
164	9	-57.746166
166	9	-65.017296
168	9	-65.081009
170	9	-54.156952
172	9	-37.865998
174	9	-24.088471
176	9	-14.87407
178	9	-9.873749
180	9	-8.636857
182	9	-10.468796
184	9	-13.436203
186	9	-16.00975
188	9	-17.400253
190	9	-18.073921
192	9	-19.007664
194	9	-20.287398
196	9	-22.673452
198	9	-25.676104
200	9	-27.556023
202	9	-27.563784
204	9	-30.553119
206	9	-29.197027
0	10	47.893777
2	10	78.109251
4	10	87.975708
6	10	88.721458
8	10	87.976684
10	10	86.175263
12	10	82.43008
14	10	79.245571
16	10	78.596775
18	10	81.611393
20	10	86.253494
22	10	89.501831
24	10	91.599216
26	10	92.299999
28	10	91.057968
30	10	87.471107
32	10	81.611106
34	10	73.730942
36	10	63.940484
38	10	52.468178
40	10	40.290497
42	10	29.330864
44	10	21.494133
46	10	17.305252
48	10	15.673522
50	10	14.382248
52	10	9.916969
54	10	-2.730607
56	10	-28.851577
58	10	-70.146737
60	10	-120.023733
62	10	-162.324215
64	10	-177.562033
66	10	-155.979523
68	10	-106.275245
70	10	-49.78875
72	10	-5.108566
74	10	20.62362
76	10	29.563813
78	10	28.03714
80	10	22.159053
82	10	15.837429
84	10	10.650273
86	10	6.885834
88	10	4.339798
90	10	2.685818
92	10	1.4836
94	10	0.467731
96	10	-0.501606
98	10	-1.607006
100	10	-2.910145
102	10	-4.291329
104	10	-5.575779
106	10	-6.672348
108	10	-7.578011
110	10	-8.21782
112	10	-8.395153
114	10	-7.972412
116	10	-6.829514
118	10	-5.078876
120	10	-2.978184
122	10	-0.793979
124	10	1.354076
126	10	3.365727
128	10	5.301927
130	10	7.211637
132	10	9.149214
134	10	11.337255
136	10	13.7258
138	10	15.662323
140	10	16.700775
142	10	16.752629
144	10	15.896904
146	10	14.19318
148	10	11.759941
150	10	8.577652
152	10	4.248756
154	10	-1.847951
156	10	-10.236471
158	10	-20.55945
160	10	-32.058645
162	10	-43.927583
164	10	-55.105537
166	10	-62.325623
168	10	-60.639946
170	10	-50.505371
172	10	-37.030137
174	10	-24.757126
176	10	-16.156692
178	10	-11.476944
180	10	-9.958161
182	10	-11.42006
184	10	-14.563766
186	10	-17.478897
188	10	-19.181465
190	10	-19.810875
192	10	-20.195759
194	10	-20.855324
196	10	-22.822125
198	10	-25.827471
200	10	-28.097572
202	10	-28.529045
204	10	-30.929382
206	10	-29.765933
0	11	48.664584
2	11	79.009278
4	11	88.203503
6	11	87.952586
8	11	86.175991
10	11	83.32761
12	11	78.473659
14	11	73.896965
16	11	71.488861
18	11	72.591824
20	11	75.456497
22	11	77.248272
24	11	77.991368
26	11	77.500496
28	11	75.367562
30	11	71.271499
32	11	65.277977
34	11	57.610855
36	11	48.348587
38	11	37.591651
40	11	26.179924
42	11	15.884277
44	11	8.407776
46	11	4.145637
48	11	2.064003
50	11	0.07415
52	11	-5.28434
54	11	-18.87347
56	11	-45.512371
58	11	-85.917351
60	11	-132.271839
62	11	-168.449413
64	11	-177.03419
66	11	-151.259232
68	11	-100.734962
70	11	-45.46183
72	11	-2.973381
74	11	20.892983
76	11	28.802837
78	11	26.968922
80	11	21.272869
82	11	15.35054
84	11	10.685974
86	11	7.445842
88	11	5.296146
90	11	3.848519
92	11	2.707725
94	11	1.658668
96	11	0.584682
98	11	-0.659077
100	11	-2.09423
102	11	-3.5695
104	11	-4.934311
106	11	-6.122555
108	11	-7.111942
110	11	-7.847019
112	11	-8.170303
114	11	-7.915958
116	11	-6.908657
118	11	-5.241898
120	11	-3.141373
122	11	-0.863457
124	11	1.419148
126	11	3.499378
128	11	5.266714
130	11	6.908361
132	11	8.634519
134	11	10.490685
136	11	12.518723
138	11	14.395036
140	11	15.546757
142	11	15.687591
144	11	14.831566
146	11	13.161491
148	11	10.790211
150	11	7.604514
152	11	3.310354
154	11	-2.192393
156	11	-9.326713
158	11	-18.594644
160	11	-29.54032
162	11	-40.97056
164	11	-50.759098
166	11	-56.033028
168	11	-55.224968
170	11	-47.701996
172	11	-36.029236
174	11	-24.617584
176	11	-16.351074
178	11	-11.929612
180	11	-10.827073
182	11	-12.757309
184	11	-16.019287
186	11	-18.678498
188	11	-20.082069
190	11	-20.436882
192	11	-20.404922
194	11	-20.520729
196	11	-21.911029
198	11	-24.764248
200	11	-27.393125
202	11	-27.573772
204	11	-29.497874
206	11	-28.862839
0	12	45.935547
2	12	74.913923
4	12	83.852848
6	12	83.625812
8	12	81.733799
10	12	78.546131
12	12	73.099354
14	12	67.481239
16	12	63.516693
18	12	62.701882
20	12	63.709492
22	12	64.035217
24	12	63.583184
26	12	62.14962
28	12	59.321526
30	12	54.824112
32	12	48.803299
34	12	41.501159
36	12	32.967209
38	12	23.165893
40	12	12.745369
42	12	3.278755
44	12	-3.72419
46	12	-7.973259
48	12	-10.46695
50	12	-13.219696
52	12	-19.583981
54	12	-34.073912
56	12	-60.648779
58	12	-98.785525
60	12	-140.159132
62	12	-169.737968
64	12	-172.593378
66	12	-144.386219
68	12	-94.398575
70	12	-41.165894
72	12	-1.003387
74	12	21.129082
76	12	28.373275
78	12	26.681011
80	12	21.513511
82	12	16.209358
84	12	12.103218
86	12	9.303692
88	12	7.428746
90	12	6.058166
92	12	4.793461
94	12	3.466267
96	12	2.003575
98	12	0.362873
100	12	-1.399239
102	12	-3.135811
104	12	-4.712414
106	12	-6.058986
108	12	-7.15493
110	12	-8.001969
112	12	-8.437095
114	12	-8.265232
116	12	-7.3045
118	12	-5.643589
120	12	-3.498199
122	12	-1.161095
124	12	1.050079
126	12	3.009041
128	12	4.502722
130	12	5.59293
132	12	7.027867
134	12	9.236408
136	12	11.799243
138	12	13.898781
140	12	15.086798
142	12	15.188897
144	12	14.305428
146	12	12.647766
148	12	10.338186
150	12	7.408899
152	12	3.594273
154	12	-1.531609
156	12	-8.504102
158	12	-17.298732
160	12	-27.163446
162	12	-36.89761
164	12	-45.209904
166	12	-50.060337
168	12	-50.202736
170	12	-44.797196
172	12	-35.137344
174	12	-24.916321
176	12	-18.023941
178	12	-13.983307
180	12	-12.870697
182	12	-14.254852
184	12	-16.677674
186	12	-18.752548
188	12	-19.799942
190	12	-19.915703
192	12	-19.601303
194	12	-19.356544
196	12	-20.317941
198	12	-22.839461
200	12	-25.449577
202	12	-25.417285
204	12	-27.338856
206	12	-26.736801
0	13	40.60788
2	13	67.250179
4	13	76.492355
6	13	77.228638
8	13	75.964028
10	13	72.904679
12	13	67.130863
14	13	60.669121
16	13	55.350037
18	13	52.72873
20	13	51.875038
22	13	50.672462
24	13	49.031815
26	13	46.743241
28	13	43.352883
30	13	38.565605
32	13	32.600814
34	13	25.730057
36	13	17.991791
38	13	9.269569
40	13	0.009133
42	13	-8.49279
44	13	-14.946854
46	13	-19.136315
48	13	-22.047097
50	13	-25.683674
52	13	-33.243401
54	13	-48.606685
56	13	-74.550366
58	13	-109.424173
60	13	-145.049478
62	13	-167.918688
64	13	-165.914312
66	13	-136.044613
68	13	-87.486648
70	13	-36.838829
72	13	1.428947
74	13	22.705909
76	13	29.808124
78	13	28.528672
80	13	24.151355
82	13	19.679245
84	13	16.196564
86	13	13.723499
88	13	11.819049
90	13	10.073365
92	13	8.141247
94	13	5.958229
96	13	3.530193
98	13	0.94949
100	13	-1.573665
102	13	-3.862522
104	13	-5.799252
106	13	-7.345311
108	13	-8.540413
110	13	-9.396831
112	13	-9.745682
114	13	-9.396484
116	13	-8.275429
118	13	-6.509644
120	13	-4.361592
122	13	-2.148983
124	13	-0.267796
126	13	1.387155
128	13	3.330029
130	13	5.353014
132	13	7.103374
134	13	8.939774
136	13	11.129104
138	13	13.09362
140	13	14.317509
142	13	14.716087
144	13	14.191492
146	13	12.700737
148	13	10.472183
150	13	7.557222
152	13	3.661495
154	13	-1.480648
156	13	-8.215061
158	13	-16.351071
160	13	-24.591125
162	13	-32.617735
164	13	-40.046909
166	13	-45.126869
168	13	-46.157196
170	13	-42.007339
172	13	-33.337547
174	13	-25.116677
176	13	-19.098282
178	13	-15.265716
180	13	-13.786011
182	13	-14.456619
184	13	-16.173904
186	13	-17.702149
188	13	-18.441849
190	13	-18.400215
192	13	-17.977455
194	13	-17.57299
196	13	-18.201799
198	13	-20.317544
200	13	-22.715289
202	13	-22.829473
204	13	-25.212381
206	13	-24.187952
0	14	34.765401
2	14	58.844461
4	14	68.619812
6	14	70.737896
8	14	70.274937
10	14	67.412644
12	14	61.350716
14	14	54.121437
16	14	47.575271
18	14	43.288513
20	14	40.659943
22	14	37.920959
24	14	35.063644
26	14	31.845352
28	14	27.775292
30	14	22.539955
32	14	16.626145
34	14	10.342811
36	14	3.497017
38	14	-4.133148
40	14	-12.145035
42	14	-19.536301
44	14	-25.326858
46	14	-29.458908
48	14	-32.906238
50	14	-37.66251
52	14	-46.568338
54	14	-62.515653
56	14	-87.007893
58	14	-117.630791
60	14	-146.654592
62	14	-163.165096
64	14	-157.173756
66	14	-126.588463
68	14	-79.989445
70	14	-32.412094
72	14	3.67701
74	14	24.6577
76	14	32.838047
78	14	33.173035
80	14	30.442082
82	14	27.299526
84	14	24.731476
86	14	22.602398
88	14	20.399963
90	14	17.655655
92	14	14.229088
94	14	10.233269
96	14	6.01691
98	14	1.876045
100	14	-1.9743
102	14	-5.28513
104	14	-7.88081
106	14	-9.741485
108	14	-11.034668
110	14	-11.82291
112	14	-11.982613
114	14	-11.319584
116	14	-9.88601
118	14	-7.992214
120	14	-5.873602
122	14	-3.571583
124	14	-1.166462
126	14	1.109533
128	14	3.040494
130	14	4.728561
132	14	6.451659
134	14	8.182608
136	14	10.10449
138	14	11.943626
140	14	13.149891
142	14	13.600529
144	14	13.198254
146	14	11.975963
148	14	10.063738
150	14	7.436556
152	14	3.709624
154	14	-1.375916
156	14	-7.83871
158	14	-15.034343
160	14	-22.099752
162	14	-28.820392
164	14	-35.547375
166	14	-40.603107
168	14	-42.053924
170	14	-38.399033
172	14	-31.255844
174	14	-24.699974
176	14	-19.335868
178	14	-15.588906
180	14	-13.665741
182	14	-13.634064
184	14	-14.914696
186	14	-16.220154
188	14	-16.753617
190	14	-16.541649
192	14	-16.035386
194	14	-15.544613
196	14	-15.835988
198	14	-17.422806
200	14	-19.539122
202	14	-20.276784
204	14	-22.741272
206	14	-20.961334
0	15	30.041302
2	15	51.856297
4	15	61.976322
6	15	65.094517
8	15	65.13987
10	15	62.28817
12	15	55.786744
14	15	47.769913
16	15	40.181259
18	15	34.590203
20	15	30.458099
22	15	26.195083
24	15	21.788506
26	15	17.062767
28	15	11.782784
30	15	6.253349
32	15	0.727264
34	15	-4.857117
36	15	-10.621285
38	15	-16.931954
40	15	-23.553483
42	15	-29.586144
44	15	-34.525078
46	15	-38.574707
48	15	-42.721824
50	15	-48.743011
52	15	-58.67453
54	15	-74.391472
56	15	-96.729409
58	15	-122.912979
60	15	-145.920022
62	15	-156.611478
64	15	-146.979885
66	15	-116.179161
68	15	-72.464871
70	15	-28.600273
72	15	5.534653
74	15	26.636547
76	15	36.334423
78	15	38.705044
80	15	37.781864
82	15	36.103956
84	15	34.537411
86	15	32.628733
88	15	29.680092
90	15	25.825222
92	15	20.68658
94	15	14.857832
96	15	8.933817
98	15	3.366186
100	15	-1.607851
102	15	-5.671272
104	15	-8.766979
106	15	-10.960209
108	15	-12.439896
110	15	-13.340694
112	15	-13.616932
114	15	-13.046688
116	15	-11.618475
118	15	-9.564943
120	15	-7.104864
122	15	-4.553831
124	15	-2.187365
126	15	-0.173267
128	15	1.596707
130	15	3.156517
132	15	4.631598
134	15	6.265894
136	15	8.202646
138	15	10.02388
140	15	11.335494
142	15	12.009408
144	15	11.916086
146	15	11.025492
148	15	9.413962
150	15	6.953857
152	15	3.456731
154	15	-1.250516
156	15	-7.045894
158	15	-13.340534
160	15	-19.617342
162	15	-25.760427
164	15	-31.71056
166	15	-36.271495
168	15	-37.703446
170	15	-34.788521
172	15	-29.649231
174	15	-24.166092
176	15	-19.261955
178	15	-15.499306
180	15	-13.403809
182	15	-13.175804
184	15	-14.08197
186	15	-14.977806
188	15	-15.115219
190	15	-14.58194
192	15	-13.889961
194	15	-13.351349
196	15	-13.368652
198	15	-14.403751
200	15	-16.039433
202	15	-17.224261
204	15	-19.405217
206	15	-17.264681
0	16	26.696093
2	16	47.088978
4	16	57.290039
6	16	60.768967
8	16	60.745422
10	16	57.461548
12	16	50.338181
14	16	41.697151
16	16	33.240814
18	16	26.504715
20	16	20.981827
22	16	15.051476
24	16	8.523071
26	16	1.988792
28	16	-4.186478
30	16	-9.554443
32	16	-14.320778
34	16	-19.069695
36	16	-23.875694
38	16	-28.800415
40	16	-33.750092
42	16	-38.542328
44	16	-43.11776
46	16	-47.571217
48	16	-52.819687
50	16	-59.972807
52	16	-70.559185
54	16	-86.004551
56	16	-106.119404
58	16	-128.050371
60	16	-145.389496
62	16	-150.261941
64	16	-137.093037
66	16	-106.288398
68	16	-65.109985
70	16	-24.382156
72	16	7.463394
74	16	27.592243
76	16	37.574692
78	16	40.900164
80	16	41.032444
82	16	39.953115
84	16	38.378243
86	16	36.188011
88	16	32.92179
90	16	28.246274
92	16	22.89066
94	16	16.743828
96	16	10.305622
98	16	4.285295
100	16	-0.887516
102	16	-4.97745
104	16	-8.055224
106	16	-10.236998
108	16	-11.698035
110	16	-12.63184
112	16	-13.048363
114	16	-12.705904
116	16	-11.62662
118	16	-9.898264
120	16	-7.781503
122	16	-5.563076
124	16	-3.396895
126	16	-1.334416
128	16	0.430984
130	16	1.900497
132	16	3.338866
134	16	5.053175
136	16	6.963058
138	16	8.667649
140	16	9.778345
142	16	10.338304
144	16	10.232561
146	16	9.52379
148	16	8.241282
150	16	6.185856
152	16	3.107456
154	16	-1.191568
156	16	-6.566313
158	16	-12.07424
160	16	-17.257573
162	16	-22.552715
164	16	-27.722462
166	16	-31.666412
168	16	-33.149277
170	16	-31.634804
172	16	-27.690727
174	16	-23.089142
176	16	-18.832932
178	16	-15.453453
180	16	-13.463395
182	16	-13.047646
184	16	-13.557167
186	16	-13.885712
188	16	-13.51448
190	16	-12.731369
192	16	-11.911995
194	16	-11.054931
196	16	-10.86393
198	16	-11.419123
200	16	-12.527414
202	16	-13.76307
204	16	-15.236821
206	16	-13.288058
0	17	24.929098
2	17	44.800881
4	17	54.837288
6	17	57.834877
8	17	56.884926
10	17	52.694656
12	17	44.749092
14	17	35.303246
16	17	25.915863
18	17	17.954803
20	17	10.885178
22	17	3.345345
24	17	-4.358612
26	17	-12.038697
28	17	-18.71534
30	17	-23.708939
32	17	-27.649597
34	17	-31.291069
36	17	-34.968964
38	17	-38.729577
40	17	-42.481636
42	17	-46.544793
44	17	-51.282471
46	17	-56.926258
48	17	-63.705639
50	17	-72.368037
52	17	-84.191277
54	17	-99.307808
56	17	-116.920567
58	17	-134.020338
60	17	-145.15024
62	17	-144.316949
64	17	-127.644316
66	17	-96.40065
68	17	-57.260505
70	17	-19.606774
72	17	9.172829
74	17	26.559697
76	17	34.762176
78	17	36.870025
80	17	36.065052
82	17	34.277102
84	17	32.366037
86	17	30.253613
88	17	27.596119
90	17	23.679062
92	17	18.790477
94	17	13.23706
96	17	7.47164
98	17	2.335092
100	17	-1.918814
102	17	-5.061113
104	17	-7.200422
106	17	-8.787877
108	17	-9.962273
110	17	-10.833477
112	17	-11.377754
114	17	-11.289186
116	17	-10.553105
118	17	-9.277914
120	17	-7.745154
122	17	-6.138609
124	17	-4.502284
126	17	-2.951937
128	17	-1.37835
130	17	0.286907
132	17	2.14153
134	17	4.222626
136	17	6.294232
138	17	8.178743
140	17	9.547562
142	17	10.046103
144	17	9.698595
146	17	8.886685
148	17	7.616225
150	17	5.529843
152	17	2.580271
154	17	-1.582827
156	17	-6.735674
158	17	-11.841678
160	17	-16.372349
162	17	-20.715002
164	17	-24.739281
166	17	-28.011253
168	17	-29.694145
170	17	-28.861512
172	17	-25.958824
174	17	-22.269341
176	17	-18.745873
178	17	-15.834771
180	17	-14.048088
182	17	-13.496002
184	17	-13.570274
186	17	-13.377563
188	17	-12.691864
190	17	-11.568802
192	17	-10.36024
194	17	-9.244209
196	17	-8.460693
198	17	-8.310253
200	17	-8.805632
202	17	-9.906924
204	17	-10.498896
206	17	-9.195443
0	18	24.641051
2	18	44.242977
4	18	53.906883
6	18	55.707336
8	18	52.874725
10	18	47.200599
12	18	38.333817
14	18	28.005631
16	18	17.559776
18	18	8.021736
20	18	-0.458893
22	18	-8.627021
24	18	-16.433007
26	18	-23.715637
28	18	-29.237388
30	18	-33.072503
32	18	-36.375893
34	18	-39.297798
36	18	-41.688934
38	18	-44.352646
40	18	-47.905586
42	18	-52.768059
44	18	-58.808964
46	18	-65.880569
48	18	-74.091112
50	18	-84.505791
52	18	-97.71047
54	18	-112.585503
56	18	-127.546029
58	18	-139.959374
60	18	-145.337684
62	18	-139.066613
64	18	-119.423618
66	18	-88.158173
68	18	-51.714333
70	18	-18.536522
72	18	5.768219
74	18	19.357182
76	18	24.590325
78	18	25.067798
80	18	23.292015
82	18	21.008085
84	18	19.048813
86	18	17.571549
88	18	16.014114
90	18	13.80447
92	18	10.689666
94	18	7.097721
96	18	3.418217
98	18	0.067469
100	18	-2.727577
102	18	-4.750298
104	18	-6.089733
106	18	-7.114765
108	18	-8.01788
110	18	-8.74125
112	18	-9.148971
114	18	-9.14682
116	18	-8.68848
118	18	-7.964014
120	18	-7.132742
122	18	-6.29735
124	18	-5.389533
126	18	-4.106588
128	18	-2.467879
130	18	-0.64369
132	18	1.367247
134	18	3.577808
136	18	5.938164
138	18	8.114573
140	18	9.631907
142	18	10.180244
144	18	9.967567
146	18	9.246956
148	18	7.973756
150	18	5.892716
152	18	2.940979
154	18	-1.088121
156	18	-6.091729
158	18	-11.072532
160	18	-15.309325
162	18	-19.259346
164	18	-23.079147
166	18	-26.233761
168	18	-27.76603
170	18	-27.336471
172	18	-25.401642
174	18	-22.458855
176	18	-19.581924
178	18	-17.325317
180	18	-15.894288
182	18	-15.246033
184	18	-14.89074
186	18	-14.250526
188	18	-13.023323
190	18	-11.349236
192	18	-9.592384
194	18	-8.013969
196	18	-6.583187
198	18	-5.906002
200	18	-5.56774
202	18	-6.268126
204	18	-5.911028
206	18	-5.347666
0	19	24.618344
2	19	42.17849
4	19	50.220505
6	19	50.561752
8	19	47.111206
10	19	41.122788
12	19	31.763122
14	19	20.659928
16	19	9.311241
18	19	-1.083214
20	19	-10.397881
22	19	-19.428024
24	19	-27.850677
26	19	-35.218613
28	19	-40.41056
30	19	-43.990067
32	19	-46.712189
34	19	-48.727134
36	19	-50.12548
38	19	-51.586303
40	19	-54.117066
42	19	-58.405671
44	19	-64.703156
46	19	-73.011898
48	19	-83.474524
50	19	-96.653615
52	19	-111.251617
54	19	-125.956855
56	19	-138.308285
58	19	-146.331614
60	19	-146.964506
62	19	-137.284723
64	19	-116.521462
66	19	-86.896866
68	19	-53.772728
70	19	-24.113801
72	19	-3.420029
74	19	7.396477
76	19	11.443668
78	19	11.353058
80	19	9.198337
82	19	7.045975
84	19	5.750145
86	19	5.131325
88	19	4.598477
90	19	3.754093
92	19	2.372437
94	19	0.773472
96	19	-0.677758
98	19	-2.144646
100	19	-3.488522
102	19	-4.284447
104	19	-4.710541
106	19	-5.163338
108	19	-5.793202
110	19	-6.546302
112	19	-7.212551
114	19	-7.673088
116	19	-7.733555
118	19	-7.211094
120	19	-6.47055
122	19	-5.701081
124	19	-4.856436
126	19	-3.738378
128	19	-2.344477
130	19	-0.777231
132	19	0.721456
134	19	2.593855
136	19	5.044712
138	19	7.54192
140	19	9.382686
142	19	10.257291
144	19	10.344601
146	19	9.708225
148	19	8.414413
150	19	6.404534
152	19	3.546892
154	19	-0.341007
156	19	-5.048673
158	19	-9.642997
160	19	-13.57954
162	19	-17.500067
164	19	-21.414361
166	19	-24.628609
168	19	-26.449173
170	19	-26.526901
172	19	-24.814987
174	19	-22.529702
176	19	-20.326126
178	19	-18.645943
180	19	-17.829842
182	19	-17.392296
184	19	-16.639976
186	19	-15.245826
188	19	-13.41172
190	19	-11.082413
192	19	-9.190018
194	19	-7.530899
196	19	-6.007917
198	19	-4.526865
200	19	-3.408988
202	19	-3.622937
204	19	-1.758091
206	19	-1.136682
0	20	24.664703
2	20	38.775807
4	20	43.552124
6	20	42.362603
8	20	38.465324
10	20	32.0075
12	20	22.077995
14	20	10.119591
16	20	-2.099846
18	20	-12.729126
20	20	-21.90387
22	20	-30.904938
24	20	-39.321419
26	20	-46.677544
28	20	-52.847817
30	20	-57.626106
32	20	-60.981896
34	20	-63.612953
36	20	-66.213959
38	20	-68.692883
40	20	-71.25975
42	20	-74.974674
44	20	-80.195496
46	20	-87.458662
48	20	-97.650563
50	20	-111.338293
52	20	-124.938114
54	20	-137.900231
56	20	-148.723579
58	20	-154.259646
60	20	-151.970007
62	20	-140.59327
64	20	-119.81583
66	20	-91.654552
68	20	-61.460411
70	20	-35.424354
72	20	-17.964508
74	20	-7.602836
76	20	-3.094849
78	20	-2.595322
80	20	-3.991676
82	20	-5.301178
84	20	-5.544189
86	20	-4.78931
88	20	-3.657711
90	20	-2.82093
92	20	-2.496162
94	20	-2.538078
96	20	-2.873902
98	20	-3.590004
100	20	-4.375526
102	20	-4.889477
104	20	-5.209709
106	20	-5.538105
108	20	-5.9282
110	20	-6.41547
112	20	-6.94466
114	20	-7.415847
116	20	-7.55492
118	20	-7.268982
120	20	-6.574486
122	20	-5.623409
124	20	-4.227871
126	20	-2.557146
128	20	-0.924926
130	20	0.53969
132	20	1.826407
134	20	3.212102
136	20	4.890952
138	20	6.876753
140	20	8.370081
142	20	9.150542
144	20	9.201601
146	20	8.57316
148	20	7.224984
150	20	5.247307
152	20	2.552824
154	20	-0.800693
156	20	-4.741711
158	20	-8.509375
160	20	-11.794405
162	20	-15.405975
164	20	-19.242454
166	20	-22.353684
168	20	-23.953415
170	20	-24.252869
172	20	-23.692955
174	20	-22.190071
176	20	-20.546181
178	20	-19.060318
180	20	-18.12709
182	20	-17.331642
184	20	-16.388176
186	20	-14.764
188	20	-12.506516
190	20	-10.483085
192	20	-8.722691
194	20	-6.96212
196	20	-4.85425
198	20	-2.699261
200	20	-0.670984
202	20	0.269836
204	20	3.614748
206	20	3.340513
0	21	24.018888
2	21	36.497162
4	21	39.779755
6	21	37.223564
8	21	32.131272
10	21	24.597892
12	21	13.740341
14	21	0.966545
16	21	-11.91481
18	21	-23.034111
20	21	-32.377701
22	21	-40.829346
24	21	-48.17733
26	21	-54.237831
28	21	-59.989952
30	21	-64.881828
32	21	-68.672699
34	21	-72.094055
36	21	-75.986053
38	21	-80.483944
40	21	-85.343101
42	21	-90.403652
44	21	-95.578837
46	21	-102.598296
48	21	-111.963377
50	21	-122.742183
52	21	-133.555622
54	21	-143.444515
56	21	-151.127765
58	21	-154.036402
60	21	-149.697494
62	21	-137.345396
64	21	-117.907849
66	21	-93.955174
68	21	-69.313285
70	21	-47.685287
72	21	-31.380356
74	21	-21.092476
76	21	-16.10186
78	21	-14.886688
80	21	-15.342301
82	21	-15.657387
84	21	-14.895637
86	21	-13.029586
88	21	-10.683143
90	21	-8.57299
92	21	-7.115539
94	21	-6.229363
96	21	-5.760483
98	21	-5.551674
100	21	-5.368843
102	21	-5.089409
104	21	-4.715789
106	21	-4.318421
108	21	-4.038696
110	21	-3.991295
112	21	-4.276047
114	21	-4.881424
116	21	-5.631122
118	21	-6.258358
120	21	-6.530384
122	21	-6.462036
124	21	-5.988434
126	21	-5.299435
128	21	-4.582195
130	21	-3.691189
132	21	-2.333312
134	21	-0.172308
136	21	2.657355
138	21	5.746762
140	21	8.220051
142	21	9.263185
144	21	8.961599
146	21	7.70052
148	21	5.780595
150	21	3.381012
152	21	0.513878
154	21	-2.926754
156	21	-6.807213
158	21	-10.40591
160	21	-13.193847
162	21	-15.619544
164	21	-18.371296
166	21	-20.994468
168	21	-22.522789
170	21	-22.621643
172	21	-21.803864
174	21	-20.668694
176	21	-19.56501
178	21	-18.603737
180	21	-17.603843
182	21	-16.674523
184	21	-15.584153
186	21	-13.999977
188	21	-11.791687
190	21	-9.358985
192	21	-6.94236
194	21	-4.678783
196	21	-2.184994
198	21	0.307043
200	21	2.840811
202	21	4.475397
204	21	9.842764
206	21	7.731808
0	22	22.175438
2	22	35.169254
4	22	37.893196
6	22	33.632324
8	22	26.768586
10	22	17.857826
12	22	5.74427
14	22	-7.726059
16	22	-20.341698
18	22	-31.189667
20	22	-40.15789
22	22	-48.099578
24	22	-54.907676
26	22	-60.417572
28	22	-65.087448
30	22	-68.830086
32	22	-72.088242
34	22	-75.597039
36	22	-79.873131
38	22	-84.765632
40	22	-90.064945
42	22	-95.943653
44	22	-102.088163
46	22	-108.986141
48	22	-117.213638
50	22	-126.525757
52	22	-136.206402
54	22	-144.66513
56	22	-150.696377
58	22	-152.3955
60	22	-147.865703
62	22	-136.552632
64	22	-119.203365
66	22	-97.803236
68	22	-75.671512
70	22	-56.169918
72	22	-41.0708
74	22	-31.240635
76	22	-26.066623
78	22	-24.067634
80	22	-23.474297
82	22	-22.749257
84	22	-21.029438
86	22	-18.345222
88	22	-15.301403
90	22	-12.545959
92	22	-10.500919
94	22	-9.151718
96	22	-8.144108
98	22	-7.298462
100	22	-6.411602
102	22	-5.451401
104	22	-4.474407
106	22	-3.556259
108	22	-2.787697
110	22	-2.288467
112	22	-2.165706
114	22	-2.46833
116	22	-3.193928
118	22	-4.099385
120	22	-4.879494
122	22	-5.404682
124	22	-5.709515
126	22	-5.768788
128	22	-5.527737
130	22	-4.818865
132	22	-3.461252
134	22	-1.477286
136	22	1.221424
138	22	4.469818
140	22	7.466767
142	22	9.204059
144	22	9.38403
146	22	8.359236
148	22	6.573078
150	22	4.154922
152	22	1.10677
154	22	-2.503323
156	22	-6.340252
158	22	-9.677132
160	22	-12.215073
162	22	-14.490394
164	22	-16.950409
166	22	-19.231537
168	22	-20.6026
170	22	-20.795959
172	22	-20.225678
174	22	-19.586738
176	22	-19.013802
178	22	-18.216453
180	22	-17.181839
182	22	-16.033875
184	22	-14.628402
186	22	-12.746437
188	22	-10.25782
190	22	-7.535195
192	22	-4.92847
194	22	-2.663097
196	22	-0.230476
198	22	2.569067
200	22	5.602751
202	22	7.43689
204	22	13.99796
206	22	9.594028
0	23	19.441345
2	23	31.308773
4	23	32.51577
6	23	27.168335
8	23	19.416679
10	23	10.339836
12	23	-0.980431
14	23	-13.239052
16	23	-24.910652
18	23	-35.206436
20	23	-44.148834
22	23	-52.306442
24	23	-59.381508
26	23	-64.78299
28	23	-68.785507
30	23	-71.99749
32	23	-75.431137
34	23	-79.899383
36	23	-85.441879
38	23	-91.355339
40	23	-97.214474
42	23	-103.130429
44	23	-108.833145
46	23	-114.37508
48	23	-120.670695
50	23	-128.22077
52	23	-136.522488
54	23	-143.8937
56	23	-148.937104
58	23	-149.915351
60	23	-145.302158
62	23	-134.535708
64	23	-118.302287
66	23	-98.529373
68	23	-78.130036
70	23	-59.988487
72	23	-45.707924
74	23	-36.255296
76	23	-31.184078
78	23	-29.005612
80	23	-27.919178
82	23	-26.487385
84	23	-24.036774
86	23	-20.767636
88	23	-17.353379
90	23	-14.42633
92	23	-12.285743
94	23	-10.84705
96	23	-9.756252
98	23	-8.73423
100	23	-7.513938
102	23	-6.090508
104	23	-4.603539
106	23	-3.223549
108	23	-2.074768
110	23	-1.235531
112	23	-0.754898
114	23	-0.650296
116	23	-0.950146
118	23	-1.550507
120	23	-2.261646
122	23	-2.923157
124	23	-3.490145
126	23	-3.836336
128	23	-3.920839
130	23	-3.629293
132	23	-2.771834
134	23	-1.383476
136	23	0.575831
138	23	3.0556
140	23	5.59216
142	23	7.47471
144	23	8.25683
146	23	7.96193
148	23	6.796758
150	23	4.856068
152	23	2.166234
154	23	-1.14558
156	23	-4.724904
158	23	-7.829063
160	23	-10.179463
162	23	-12.314579
164	23	-14.683739
166	23	-17.006912
168	23	-18.68589
170	23	-19.412254
172	23	-19.339402
174	23	-18.745369
176	23	-17.885742
178	23	-16.7826
180	23	-15.534347
182	23	-14.165092
184	23	-12.497719
186	23	-10.422386
188	23	-7.926186
190	23	-5.35849
192	23	-2.945484
194	23	-0.882362
196	23	1.379656
198	23	4.135849
200	23	7.252259
202	23	8.852007
204	23	15.964179
206	23	9.970863
0	24	17.174999
2	24	28.357693
4	24	29.281479
6	24	24.097855
8	24	16.857193
10	24	8.572441
12	24	-1.802681
14	24	-13.261352
16	24	-24.475257
18	24	-34.493622
20	24	-43.147255
22	24	-50.909164
24	24	-57.481217
26	24	-62.461723
28	24	-66.199875
30	24	-69.413566
32	24	-73.026458
34	24	-77.720634
36	24	-83.495254
38	24	-89.685028
40	24	-95.767643
42	24	-101.716484
44	24	-107.246242
46	24	-112.35918
48	24	-117.960907
50	24	-124.741789
52	24	-132.367344
54	24	-139.197014
56	24	-143.769554
58	24	-144.464321
60	24	-139.998539
62	24	-129.967604
64	24	-115.0576
66	24	-96.867014
68	24	-77.830201
70	24	-60.503943
72	24	-46.576495
74	24	-37.271461
76	24	-32.209611
78	24	-29.915872
80	24	-28.635761
82	24	-26.989276
84	24	-24.364076
86	24	-20.998434
88	24	-17.572651
90	24	-14.694855
92	24	-12.612369
94	24	-11.205967
96	24	-10.130566
98	24	-9.074127
100	24	-7.776931
102	24	-6.229378
104	24	-4.579811
106	24	-3.02092
108	24	-1.706096
110	24	-0.71978
112	24	-0.094497
114	24	0.170605
116	24	0.064281
118	24	-0.34498
120	24	-0.93742
122	24	-1.566459
124	24	-2.169287
126	24	-2.5913
128	24	-2.773898
130	24	-2.598944
132	24	-1.898543
134	24	-0.739053
136	24	0.808919
138	24	2.660673
140	24	4.504289
142	24	5.84966
144	24	6.373748
146	24	6.098626
148	24	5.170858
150	24	3.613205
152	24	1.351916
154	24	-1.607441
156	24	-4.980867
158	24	-8.078982
160	24	-10.550537
162	24	-12.759651
164	24	-15.119919
166	24	-17.430436
168	24	-19.167816
170	24	-19.977356
172	24	-19.913391
174	24	-19.167649
176	24	-18.024994
178	24	-16.609619
180	24	-15.08503
182	24	-13.514801
184	24	-11.718079
186	24	-9.560471
188	24	-7.025574
190	24	-4.421215
192	24	-1.952377
194	24	0.124244
196	24	2.331827
198	24	4.975432
200	24	8.012791
202	24	9.444809
204	24	16.913754
206	24	13.811363
0	25	16.187653
2	25	27.113166
4	25	28.088143
6	25	23.160606
8	25	16.296814
10	25	8.426033
12	25	-1.523911
14	25	-12.588959
16	25	-23.451477
18	25	-33.143501
20	25	-41.446419
22	25	-48.837189
24	25	-55.039291
26	25	-59.738174
28	25	-63.301735
30	25	-66.401505
32	25	-69.87571
34	25	-74.348839
36	25	-79.836533
38	25	-85.731678
40	25	-91.535492
42	25	-97.219376
44	25	-102.505261
46	25	-107.389292
48	25	-112.723314
50	25	-119.187698
52	25	-126.467928
54	25	-132.966633
56	25	-137.270401
58	25	-137.858932
60	25	-133.568753
62	25	-124.083776
64	25	-110.059144
66	25	-92.912121
68	25	-74.883647
70	25	-58.384358
72	25	-45.052202
74	25	-36.102471
76	25	-31.18939
78	25	-28.916631
80	25	-27.625578
82	25	-26.002712
84	25	-23.464031
86	25	-20.233033
88	25	-16.955005
90	25	-14.202238
92	25	-12.206176
94	25	-10.851112
96	25	-9.806302
98	25	-8.771095
100	25	-7.502796
102	25	-5.990723
104	25	-4.374962
106	25	-2.841576
108	25	-1.544403
110	25	-0.569225
112	25	0.052563
114	25	0.325486
116	25	0.244365
118	25	-0.126749
120	25	-0.681599
122	25	-1.282289
124	25	-1.866302
126	25	-2.282482
128	25	-2.465016
130	25	-2.29938
132	25	-1.635036
134	25	-0.551265
136	25	0.861525
138	25	2.514549
140	25	4.127493
142	25	5.270601
144	25	5.673984
146	25	5.379061
148	25	4.524308
150	25	3.113158
152	25	1.045446
154	25	-1.707471
156	25	-4.889437
158	25	-7.861991
160	25	-10.273556
162	25	-12.427967
164	25	-14.702514
166	25	-16.92197
168	25	-18.612225
170	25	-19.436989
172	25	-19.422164
174	25	-18.722687
176	25	-17.593635
178	25	-16.165276
180	25	-14.629914
182	25	-13.074897
184	25	-11.32473
186	25	-9.229492
188	25	-6.758358
190	25	-4.19954
192	25	-1.760285
194	25	0.294038
196	25	2.458276
198	25	5.037014
200	25	8.001275
202	25	9.417755
204	25	17.010918
206	25	15.788149
