0	1	11.79587
2	1	13.795509
4	1	12.448878
6	1	11.153536
8	1	10.600991
10	1	10.529275
12	1	10.459612
14	1	11.12796
16	1	13.476658
18	1	17.751718
20	1	23.145881
22	1	27.963601
24	1	31.921124
26	1	35.229624
28	1	38.329193
30	1	41.747729
32	1	45.750521
34	1	50.213863
36	1	54.58732
38	1	58.048588
40	1	59.960224
42	1	59.818474
44	1	57.341354
46	1	52.514992
48	1	45.47448
50	1	36.520623
52	1	26.304764
54	1	17.170136
56	1	13.920425
58	1	18.319534
60	1	32.848755
62	1	52.088379
64	1	65.739166
66	1	65.525253
68	1	52.440292
70	1	40.333695
72	1	45.330216
74	1	67.358048
76	1	91.56057
78	1	106.587544
80	1	108.321317
82	1	97.887922
84	1	78.905034
86	1	56.763088
88	1	36.96773
90	1	22.336127
92	1	12.929351
94	1	8.145023
96	1	6.829957
98	1	7.361699
100	1	7.93784
102	1	7.416977
104	1	5.783859
106	1	3.836319
108	1	2.340584
110	1	1.547188
112	1	1.273003
114	1	1.140693
116	1	0.914833
118	1	0.79248
120	1	1.752205
122	1	4.258301
124	1	7.813355
126	1	12.111176
128	1	16.768226
130	1	20.964027
132	1	24.445381
134	1	26.900368
136	1	28.254951
138	1	28.556778
140	1	26.142952
142	1	22.057976
144	1	17.674507
146	1	13.169754
148	1	7.470611
150	1	3.648731
152	1	0.614158
154	1	-0.512173
156	1	-0.840042
158	1	-0.984262
160	1	0.374772
162	1	-0.677921
164	1	-4.072953
166	1	-6.745423
168	1	-8.455494
170	1	-13.321144
172	1	-19.660206
174	1	-25.764854
176	1	-28.487801
178	1	-27.23423
180	1	-28.971466
182	1	-29.368713
184	1	-18.375153
186	1	-6.236389
188	1	3.389709
190	1	10.556946
192	1	14.063797
194	1	12.851112
196	1	8.627075
198	1	5.624354
200	1	8.050148
202	1	17.822897
204	1	34.05221
206	1	47.154841
0	2	19.118979
2	2	24.209783
4	2	23.566859
6	2	22.187575
8	2	22.144154
10	2	22.757521
12	2	23.010256
14	2	23.85842
16	2	26.882526
18	2	32.505241
20	2	39.820447
22	2	46.59192
24	2	52.389935
26	2	57.358731
28	2	61.637547
30	2	65.569143
32	2	69.394167
34	2	73.104924
36	2	76.410083
38	2	78.917053
40	2	80.024166
42	2	79.073449
44	2	75.765556
46	2	69.800613
48	2	61.136475
50	2	49.917038
52	2	36.53363
54	2	23.514664
56	2	17.802307
58	2	24.455581
60	2	40.965545
62	2	56.132401
64	2	58.7883
66	2	46.158707
68	2	30.092331
70	2	25.71495
72	2	39.955101
74	2	66.455955
76	2	93.535059
78	2	111.211553
80	2	114.408177
82	2	103.627129
84	2	83.387218
86	2	59.975287
88	2	39.124386
90	2	23.322323
92	2	13.055361
94	2	7.940447
96	2	6.919477
98	2	8.095165
100	2	9.34446
102	2	9.199245
104	2	7.571915
106	2	5.361053
108	2	3.452976
110	2	2.281696
112	2	1.812126
114	2	1.744213
116	2	1.826988
118	2	2.046669
120	2	3.227036
122	2	5.826279
124	2	9.769249
126	2	14.962059
128	2	20.765107
130	2	26.225723
132	2	30.952362
134	2	34.725533
136	2	36.964447
138	2	37.43396
140	2	36.721046
142	2	33.939827
144	2	28.73764
146	2	21.879028
148	2	14.064987
150	2	7.207505
152	2	0.821972
154	2	-4.138073
156	2	-8.67556
158	2	-14.189434
160	2	-19.498462
162	2	-24.177838
164	2	-29.061035
166	2	-33.719231
168	2	-42.788978
170	2	-55.087563
172	2	-58.77359
174	2	-54.593002
176	2	-48.378509
178	2	-39.767074
180	2	-33.851685
182	2	-29.038589
184	2	-18.636032
186	2	-5.643158
188	2	5.840973
190	2	15.155289
192	2	19.126442
194	2	17.946907
196	2	14.677751
198	2	12.594517
200	2	17.065244
202	2	27.272424
204	2	41.60416
206	2	53.136795
0	3	25.085884
2	3	36.131934
4	3	39.145273
6	3	40.754249
8	3	42.487346
10	3	43.723216
12	3	44.478523
14	3	46.895675
16	3	52.071139
18	3	59.947203
20	3	68.482119
22	3	75.582561
24	3	81.220976
26	3	86.037845
28	3	90.026288
30	3	93.23647
32	3	95.961123
34	3	98.097519
36	3	99.406044
38	3	99.513382
40	3	98.465302
42	3	95.799309
44	3	91.085396
46	3	83.639969
48	3	72.999787
50	3	59.158967
52	3	43.678055
54	3	29.663009
56	3	21.072601
58	3	19.451508
60	3	17.298676
62	3	12.70224
64	3	3.246719
66	3	-7.72258
68	3	-9.291977
70	3	6.667801
72	3	34.356625
74	3	64.867479
76	3	92.644461
78	3	109.575692
80	3	112.129497
82	3	101.30463
84	3	81.15645
86	3	57.861866
88	3	36.706304
90	3	20.568186
92	3	10.291679
94	3	5.530722
96	3	5.26857
98	3	7.426166
100	3	9.587238
102	3	10.117494
104	3	8.895157
106	3	6.66907
108	3	4.369248
110	3	2.698124
112	3	2.010488
114	3	2.164539
116	3	2.923935
118	3	4.165496
120	3	5.722534
122	3	8.300293
124	3	12.427216
126	3	17.477928
128	3	22.877151
130	3	28.695527
132	3	34.065979
134	3	38.832573
136	3	42.655998
138	3	44.123016
140	3	43.341262
142	3	40.704025
144	3	35.596214
146	3	28.394936
148	3	19.369309
150	3	9.951461
152	3	0.403782
154	3	-8.077993
156	3	-15.726667
158	3	-22.702936
160	3	-28.781559
162	3	-34.425987
164	3	-40.234261
166	3	-47.050423
168	3	-58.462937
170	3	-72.194122
172	3	-75.340897
174	3	-67.708283
176	3	-57.775009
178	3	-47.284134
180	3	-37.926148
182	3	-29.032868
184	3	-18.824798
186	3	-7.99112
188	3	3.244232
190	3	11.733475
192	3	15.038666
194	3	12.25663
196	3	6.900606
198	3	3.769888
200	3	7.108536
202	3	15.886066
204	3	28.324042
206	3	36.523472
0	4	23.987881
2	4	37.329067
4	4	43.134989
6	4	47.126356
8	4	51.56204
10	4	55.326222
12	4	58.328425
14	4	63.0304
16	4	70.259073
18	4	79.406835
20	4	87.66246
22	4	93.452684
24	4	97.98475
26	4	101.904871
28	4	105.638153
30	4	109.104704
32	4	112.090805
34	4	114.202472
36	4	114.751232
38	4	113.211654
40	4	109.505715
42	4	104.022995
44	4	96.796051
46	4	87.265793
48	4	74.950196
50	4	60.034866
52	4	44.504745
54	4	30.127106
56	4	14.573135
58	4	-2.011902
60	4	-19.082489
62	4	-35.300965
64	4	-46.792282
66	4	-47.343483
68	4	-32.014663
70	4	-1.74527
72	4	34.69189
74	4	68.025402
76	4	92.996551
78	4	106.597427
80	4	106.830645
82	4	94.84623
84	4	74.66966
86	4	51.791664
88	4	31.354893
90	4	16.093547
92	4	6.58947
94	4	2.575878
96	4	2.988217
98	4	5.900004
100	4	8.842172
102	4	10.114554
104	4	9.352088
106	4	7.187715
108	4	4.588928
110	4	2.573938
112	4	1.662264
114	4	1.79295
116	4	2.558624
118	4	3.789574
120	4	5.314656
122	4	7.269607
124	4	10.225494
126	4	14.348205
128	4	19.482159
130	4	25.533073
132	4	32.238128
134	4	38.909805
136	4	44.823707
138	4	49.010086
140	4	50.792015
142	4	50.25254
144	4	46.986107
146	4	40.341385
148	4	30.746361
150	4	19.27343
152	4	7.378338
154	4	-4.534073
156	4	-16.479132
158	4	-27.841227
160	4	-38.561183
162	4	-48.762405
164	4	-58.254585
166	4	-67.838547
168	4	-77.859329
170	4	-85.684814
172	4	-84.63208
174	4	-75.741455
176	4	-65.057984
178	4	-54.786422
180	4	-44.207001
182	4	-33.61676
184	4	-23.560883
186	4	-13.174499
188	4	-2.912842
190	4	4.450928
192	4	6.429535
194	4	2.411003
196	4	-3.88829
198	4	-8.001515
200	4	-6.467549
202	4	1.181613
204	4	12.214741
206	4	17.766208
0	5	23.986284
2	5	40.022371
4	5	47.788007
6	5	52.621305
8	5	57.381772
10	5	61.262678
12	5	64.183473
14	5	68.596171
16	5	75.652729
18	5	84.848942
20	5	93.170835
22	5	98.680358
24	5	102.66189
26	5	105.433071
28	5	107.279682
30	5	108.346424
32	5	108.902867
34	5	109.081028
36	5	108.449623
38	5	106.276802
40	5	102.018402
42	5	96.170708
44	5	89.122742
46	5	80.812027
48	5	70.478165
50	5	58.261612
52	5	44.117447
54	5	26.790176
56	5	4.074157
58	5	-25.099305
60	5	-57.283554
62	5	-83.847244
64	5	-94.803868
66	5	-83.841986
68	5	-52.215313
70	5	-9.32962
72	5	33.118213
74	5	67.493158
76	5	90.878102
78	5	102.044992
80	5	100.672533
82	5	88.437275
84	5	69.040096
86	5	47.454971
88	5	28.209381
90	5	13.877312
92	5	5.234108
94	5	2.008949
96	5	3.02253
98	5	6.2672
100	5	9.442968
102	5	10.897296
104	5	10.196327
106	5	7.9263
108	5	5.196169
110	5	3.02136
112	5	1.99649
114	5	2.253365
116	5	3.472237
118	5	5.068772
120	5	6.671021
122	5	8.405293
124	5	10.841339
126	5	14.39035
128	5	19.122742
130	5	24.956154
132	5	32.187172
134	5	40.234115
136	5	47.826881
138	5	53.81746
140	5	57.173912
142	5	57.477509
144	5	54.438003
146	5	47.787628
148	5	37.940979
150	5	25.539581
152	5	11.695492
154	5	-3.149562
156	5	-18.280673
158	5	-33.104086
160	5	-47.350647
162	5	-60.98909
164	5	-74.284912
166	5	-86.533111
168	5	-94.906173
170	5	-96.763336
172	5	-90.489289
174	5	-79.172195
176	5	-67.710556
178	5	-57.913361
180	5	-46.052734
182	5	-35.416779
184	5	-25.839844
186	5	-15.791687
188	5	-7.191254
190	5	-1.647461
192	5	-1.280563
194	5	-6.121918
196	5	-13.054661
198	5	-18.408566
200	5	-19.045198
202	5	-13.234795
204	5	-4.63966
206	5	1.001464
0	6	26.030485
2	6	45.315867
4	6	54.775684
6	6	60.065842
8	6	64.763672
10	6	68.407973
12	6	70.92086
14	6	74.767278
16	6	81.188099
18	6	89.797861
20	6	97.711463
22	6	102.411469
24	6	104.865635
26	6	105.580863
28	6	105.026741
30	6	103.580532
32	6	101.625042
34	6	99.389633
36	6	96.706345
38	6	93.150856
40	6	88.468376
42	6	82.926041
44	6	76.789001
46	6	69.975296
48	6	62.040604
50	6	52.385285
52	6	39.711746
54	6	21.072281
56	6	-7.673279
58	6	-47.621903
60	6	-91.738243
62	6	-125.35416
64	6	-134.218773
66	6	-113.002411
68	6	-68.604069
70	6	-16.111003
72	6	30.764046
74	6	65.558471
76	6	87.241329
78	6	96.200632
80	6	93.3849
82	6	80.989434
84	6	62.546707
86	6	42.427574
88	6	24.537583
90	6	11.281723
92	6	3.538467
94	6	1.017463
96	6	2.486244
98	6	6.017685
100	6	9.467548
102	6	11.233944
104	6	10.796879
106	6	8.648644
108	6	5.856606
110	6	3.554916
112	6	2.514647
114	6	2.927958
116	6	4.442235
118	6	6.349606
120	6	8.111873
122	6	9.797894
124	6	11.968422
126	6	15.122082
128	6	19.554402
130	6	25.49221
132	6	32.961075
134	6	41.469811
136	6	49.935242
138	6	56.936852
140	6	61.318397
142	6	62.523925
144	6	60.259247
146	6	54.242004
148	6	44.590981
150	6	31.628975
152	6	16.325189
154	6	-0.677977
156	6	-18.351887
158	6	-35.948475
160	6	-52.913727
162	6	-69.158676
164	6	-84.793442
166	6	-97.551254
168	6	-103.737152
170	6	-101.576996
172	6	-92.511323
174	6	-79.664139
176	6	-67.485566
178	6	-58.307739
180	6	-46.62735
182	6	-35.648896
184	6	-26.371003
186	6	-17.582734
188	6	-10.730438
190	6	-6.907532
192	6	-7.661377
194	6	-12.74736
196	6	-19.951775
198	6	-26.437922
200	6	-29.220144
202	6	-25.631442
204	6	-19.723265
206	6	-12.988284
0	7	30.272104
2	7	52.78102
4	7	63.321522
6	7	68.281554
8	7	72.215294
10	7	75.071862
12	7	76.64829
14	7	79.465519
16	7	85.002069
18	7	93.069899
20	7	100.758444
22	7	105.072951
24	7	106.465977
26	7	105.51186
28	7	102.866856
30	7	99.110802
32	7	94.849633
34	7	90.518761
36	7	86.125068
38	7	81.400451
40	7	76.235168
42	7	70.83905
44	7	65.453797
46	7	59.96347
48	7	53.826843
50	7	45.973144
52	7	34.086991
54	7	13.820145
56	7	-19.903183
58	7	-67.335228
60	7	-118.603813
62	7	-155.456135
64	7	-161.434013
66	7	-132.479261
68	7	-79.499267
70	7	-20.968079
72	7	28.452957
74	7	63.053276
76	7	82.962185
78	7	89.834301
80	7	85.662594
82	7	73.10292
84	7	55.548027
86	7	36.830467
88	7	20.339584
90	7	8.276871
92	7	1.507515
94	7	-0.292892
96	7	1.610344
98	7	5.372925
100	7	9.014988
102	7	11.001122
104	7	10.719471
106	7	8.574303
108	7	5.657086
110	7	3.229572
112	7	2.198112
114	7	2.767565
116	7	4.501065
118	7	6.59609
120	7	8.433037
122	7	10.02593
124	7	11.901242
126	7	14.64766
128	7	18.76239
130	7	24.624321
132	7	32.231503
134	7	41.064224
136	7	50.086167
138	7	57.857887
140	7	63.103737
142	7	65.176643
144	7	63.804062
146	7	58.589538
148	7	49.331909
150	7	36.153229
152	7	19.975547
154	7	1.690496
156	7	-17.468149
158	7	-36.550064
160	7	-54.829872
162	7	-72.137833
164	7	-88.118881
166	7	-100.097046
168	7	-104.682022
170	7	-100.873581
172	7	-91.09668
174	7	-77.749924
176	7	-66.16507
178	7	-56.819427
180	7	-45.631989
182	7	-34.982757
184	7	-26.31134
186	7	-19.005127
188	7	-13.621094
190	7	-11.02835
192	7	-12.268311
194	7	-17.039909
196	7	-24.057427
198	7	-31.288708
200	7	-35.804418
202	7	-34.312071
204	7	-30.866886
206	7	-23.619196
0	8	36.36117
2	8	61.483438
4	8	72.129286
6	8	75.88313
8	8	78.410344
10	8	79.984961
12	8	80.165228
14	8	81.508679
16	8	85.732594
18	8	93.014343
20	8	100.578041
22	8	105.048004
24	8	106.289742
26	8	104.69865
28	8	101.016331
30	8	95.925259
32	8	90.147347
34	8	84.269005
36	8	78.47818
38	8	72.656639
40	8	66.756889
42	8	60.983757
44	8	55.587327
46	8	50.49588
48	8	45.12645
50	8	38.074677
52	8	26.286117
54	8	4.590026
56	8	-32.163337
58	8	-83.159943
60	8	-136.789447
62	8	-173.415947
64	8	-176.356129
66	8	-142.794606
68	8	-85.532891
70	8	-24.249711
72	8	26.094437
74	8	59.989967
76	8	78.122765
78	8	83.069282
80	8	77.713234
82	8	65.095894
84	8	48.432038
86	8	31.049088
88	8	15.875084
90	8	4.914536
92	8	-0.996566
94	8	-2.185661
96	8	0.08094
98	8	4.030998
100	8	7.838821
102	8	10.049801
104	8	9.992
106	8	7.986129
108	8	5.134178
110	8	2.777905
112	8	1.894245
114	8	2.683636
116	8	4.631717
118	8	6.8556
120	8	8.694703
122	8	10.134407
124	8	11.681181
126	8	13.990385
128	8	17.687836
130	8	23.224335
132	8	30.633011
134	8	39.44854
136	8	48.704582
138	8	56.98336
140	8	62.914253
142	8	65.728775
144	8	65.124215
146	8	60.627026
148	8	51.832169
150	8	38.797849
152	8	22.48446
154	8	4.001647
156	8	-15.359215
158	8	-34.546944
160	8	-52.798279
162	8	-69.846489
164	8	-85.088181
166	8	-96.18013
168	8	-100.220901
170	8	-96.402237
172	8	-86.80307
174	8	-74.217102
176	8	-63.699279
178	8	-54.432343
180	8	-43.983734
182	8	-34.05896
184	8	-26.157348
186	8	-20.04422
188	8	-15.771271
190	8	-13.897796
192	8	-15.145935
194	8	-19.238877
196	8	-25.705506
198	8	-33.178036
200	8	-38.814038
202	8	-39.016114
204	8	-37.551803
206	8	-30.496759
0	9	42.085025
2	9	68.517217
4	9	78.162847
6	9	80.127486
8	9	81.064556
10	9	81.300269
12	9	80.066144
14	9	79.925038
16	9	82.725746
18	9	89.047226
20	9	96.47647
22	9	101.478039
24	9	103.35075
26	9	102.088719
28	9	98.350982
30	9	92.870942
32	9	86.416412
34	9	79.619873
36	9	72.764443
38	9	65.86293
40	9	58.981834
42	9	52.407882
44	9	46.465148
46	9	41.161987
48	9	35.879318
50	9	28.929077
52	9	16.809647
54	9	-5.844696
56	9	-43.603874
58	9	-94.5702
60	9	-146.543209
62	9	-180.422032
64	9	-180.765433
66	9	-145.766613
68	9	-88.287338
70	9	-27.377831
72	9	22.313843
74	9	55.090187
76	9	71.625099
78	9	75.037964
80	9	68.89785
82	9	56.54145
84	9	40.971985
86	9	25.004967
88	9	11.106422
90	9	1.089005
92	9	-4.213913
94	9	-5.056556
96	9	-2.61953
98	9	1.429802
100	9	5.401978
102	9	7.910782
104	9	8.240311
106	9	6.619453
108	9	4.105393
110	9	2.039662
112	9	1.415761
114	9	2.441921
116	9	4.583015
118	9	6.922345
120	9	8.767619
122	9	10.074921
124	9	11.325664
126	9	13.214121
128	9	16.449213
130	9	21.532398
132	9	28.545044
134	9	37.093971
136	9	46.289291
138	9	54.770836
140	9	61.135811
142	9	64.50058
144	9	64.506744
146	9	60.659767
148	9	52.465017
150	9	39.9912
152	9	24.253485
154	9	6.420603
156	9	-12.315212
158	9	-30.836281
160	9	-48.352371
162	9	-64.528473
164	9	-78.740342
166	9	-89.132522
168	9	-93.243591
170	9	-90.059296
172	9	-81.227234
174	9	-70.079513
176	9	-60.294097
178	9	-51.450592
180	9	-42.011414
182	9	-33.005371
184	9	-25.905914
186	9	-20.717773
188	9	-17.201599
190	9	-15.649887
192	9	-16.577087
194	9	-19.80661
196	9	-25.48098
198	9	-32.711338
200	9	-38.791197
202	9	-40.142428
204	9	-40.01768
206	9	-33.432023
0	10	43.57164
2	10	69.219942
4	10	77.187441
6	10	77.61874
8	10	77.481419
10	10	77.016272
12	10	75.185569
14	10	74.363766
16	10	76.314094
18	10	81.866195
20	10	89.057571
22	10	94.569839
24	10	97.423775
26	10	97.175751
28	10	94.15731
30	10	88.998047
32	10	82.435974
34	10	75.102348
36	10	67.371933
38	10	59.448097
40	10	51.583145
42	10	44.169082
44	10	37.58258
46	10	31.857026
48	10	26.300797
50	10	19.018631
52	10	6.364242
54	10	-16.692779
56	10	-53.72139
58	10	-101.917911
60	10	-149.428803
62	10	-179.00565
64	10	-177.359588
66	10	-143.492622
68	10	-89.132889
70	10	-31.400047
72	10	16.056473
74	10	47.309837
76	10	62.601982
78	10	65.140739
80	10	58.855744
82	10	47.211922
84	10	32.973824
86	10	18.482383
88	10	5.774117
90	10	-3.514526
92	10	-8.514923
94	10	-9.330101
96	10	-6.952797
98	10	-2.889343
100	10	1.300118
102	10	4.268769
104	10	5.225068
106	10	4.254578
108	10	2.29995
110	10	0.655643
112	10	0.330105
114	10	1.558353
116	10	3.826754
118	10	6.254192
120	10	8.133353
122	10	9.383645
124	10	10.454485
126	10	12.050929
128	10	14.924027
130	10	19.59857
132	10	26.186866
134	10	34.354988
136	10	43.282185
138	10	51.685234
140	10	58.182297
142	10	61.824409
144	10	62.219261
146	10	58.914802
148	10	51.424866
150	10	39.842969
152	10	25.144454
154	10	8.403898
156	10	-9.320263
158	10	-26.85469
160	10	-43.376404
162	10	-58.495163
164	10	-71.631866
166	10	-81.350525
168	10	-85.597748
170	10	-83.18898
172	10	-75.414154
174	10	-65.513382
176	10	-56.325439
178	10	-48.243531
180	10	-39.886963
182	10	-31.871704
184	10	-25.548279
186	10	-21.053589
188	10	-17.98645
190	10	-16.460968
192	10	-16.874268
194	10	-19.191604
196	10	-23.962997
198	10	-30.604813
200	10	-36.571751
202	10	-38.548343
204	10	-39.126399
206	10	-33.006535
0	11	39.719579
2	11	62.619871
4	11	69.266449
6	11	69.396311
8	11	68.995991
10	11	68.252723
12	11	66.46315
14	11	65.880089
16	11	67.956589
18	11	73.379174
20	11	80.414986
22	11	86.130867
24	11	89.649536
26	11	90.366851
28	11	88.269897
30	11	83.74453
32	11	77.388733
34	11	69.781014
36	11	61.369919
38	11	52.558937
40	11	43.821068
42	11	35.675079
44	11	28.530464
46	11	22.396896
48	11	16.481591
50	11	8.742119
52	11	-4.386825
54	11	-27.270508
56	11	-62.301453
58	11	-105.995552
60	11	-147.433182
62	11	-171.906652
64	11	-168.707193
66	11	-137.559021
68	11	-88.569405
70	11	-36.26773
72	11	7.348449
74	11	36.476287
76	11	50.816048
78	11	53.217522
80	11	47.50077
82	11	37.001419
84	11	24.219245
86	11	11.122543
88	11	-0.588264
90	11	-9.41642
92	11	-14.426399
94	11	-15.514709
96	11	-13.408524
98	11	-9.386513
100	11	-4.875809
102	11	-1.225922
104	11	0.656692
106	11	0.675194
108	11	-0.411045
110	11	-1.440441
112	11	-1.410622
114	11	-0.006775
116	11	2.315424
118	11	4.7554
120	11	6.650897
122	11	7.884524
124	11	8.886489
126	11	10.379142
128	11	13.08296
130	11	17.497503
132	11	23.741005
134	11	31.508702
136	11	40.041511
138	11	48.139466
140	11	54.486988
142	11	58.135632
144	11	58.691372
146	11	55.787569
148	11	49.016587
150	11	38.487683
152	11	25.033803
154	11	9.568462
156	11	-6.944278
158	11	-23.332
160	11	-38.756356
162	11	-52.764603
164	11	-64.8237
166	11	-73.838089
168	11	-78.120514
170	11	-76.412537
172	11	-69.619629
174	11	-60.685012
176	11	-52.287384
178	11	-45.109772
180	11	-37.780457
182	11	-30.712342
184	11	-25.09079
186	11	-21.083618
188	11	-18.224365
190	11	-16.534057
192	11	-16.361801
194	11	-17.799393
196	11	-21.625778
198	11	-27.46014
200	11	-32.953369
202	11	-35.148474
204	11	-35.917758
206	11	-30.239396
0	12	32.383065
2	12	52.188263
4	12	58.996422
6	12	59.982754
8	12	60.301841
10	12	59.785191
12	12	57.795479
14	12	57.148834
16	12	59.341171
18	12	64.921501
20	12	72.111931
22	12	77.985557
24	12	81.702622
26	12	82.813286
28	12	81.233765
30	12	77.156555
32	12	71.017357
34	12	63.298668
36	12	54.444939
38	12	44.959412
40	12	35.487015
42	12	26.701424
44	12	19.07898
46	12	12.602012
48	12	6.375297
50	12	-1.725708
52	12	-15.042778
54	12	-37.144027
56	12	-69.282235
58	12	-107.527584
60	12	-142.18462
62	12	-161.260163
64	12	-156.66354
66	12	-128.825222
68	12	-86.260353
70	12	-40.838013
72	12	-2.499161
74	12	23.621994
76	12	36.918632
78	12	39.622795
80	12	34.966484
82	12	25.843422
84	12	14.45639
86	12	2.522842
88	12	-8.473915
90	12	-17.114098
92	12	-22.371788
94	12	-23.936226
96	12	-22.241493
98	12	-18.286206
100	12	-13.383979
102	12	-8.96246
104	12	-5.987953
106	12	-4.692116
108	12	-4.504814
110	12	-4.447719
112	12	-3.722877
114	12	-1.960915
116	12	0.482893
118	12	2.874985
120	12	4.703899
122	12	5.920872
124	12	6.922857
126	12	8.39833
128	12	11.07996
130	12	15.381228
132	12	21.371328
134	12	28.753517
136	12	36.808217
138	12	44.442417
140	12	50.44212
142	12	53.903675
144	12	54.452786
146	12	51.824959
148	12	45.736549
150	12	36.298501
152	12	24.151111
154	12	10.045694
156	12	-5.125714
158	12	-20.259163
160	12	-34.532013
162	12	-47.439445
164	12	-58.483674
166	12	-66.819382
168	12	-71.028839
170	12	-69.859298
172	12	-63.926376
174	12	-55.942185
176	12	-48.505188
178	12	-42.20694
180	12	-35.790039
182	12	-29.573975
184	12	-24.549835
186	12	-20.857636
188	12	-18.037537
190	12	-16.089462
192	12	-15.358506
194	12	-16.006576
196	12	-18.879883
198	12	-23.758561
200	12	-28.55111
202	12	-30.643929
204	12	-31.227292
206	12	-25.996622
0	13	25.38578
2	13	42.354685
4	13	49.192488
6	13	51.291229
8	13	53.027946
10	13	53.468186
12	13	52.06398
14	13	51.382644
16	13	53.15168
18	13	58.06961
20	13	64.66867
22	13	70.39859
24	13	74.220474
26	13	75.39502
28	13	73.837799
30	13	69.791672
32	13	63.688523
34	13	55.922996
36	13	46.833473
38	13	36.885735
40	13	26.801804
42	13	17.40934
44	13	9.304558
46	13	2.473221
48	13	-4.055183
50	13	-12.397705
52	13	-25.558197
54	13	-46.281346
56	13	-74.855487
58	13	-107.154755
60	13	-134.822967
62	13	-148.478435
64	13	-142.429054
66	13	-117.737988
68	13	-81.573227
70	13	-43.467353
72	13	-11.288414
74	13	10.865715
76	13	22.475426
78	13	25.222183
80	13	21.547287
82	13	13.688003
84	13	3.468888
86	13	-7.594184
88	13	-18.151543
90	13	-26.780235
92	13	-32.343937
94	13	-34.363003
96	13	-33.02396
98	13	-29.08604
100	13	-23.743832
102	13	-18.399551
104	13	-14.182717
106	13	-11.393906
108	13	-9.681927
110	13	-8.320148
112	13	-6.625083
114	13	-4.234555
116	13	-1.46899
118	13	1.091099
120	13	3.031625
122	13	4.279557
124	13	5.269012
126	13	6.766374
128	13	9.386768
130	13	13.56793
132	13	19.295729
134	13	26.247286
136	13	33.773307
138	13	40.85469
140	13	46.37695
142	13	49.526257
144	13	49.977344
146	13	47.560665
148	13	42.108289
150	13	33.715227
152	13	22.845777
154	13	10.1175
156	13	-3.651764
158	13	-17.473404
160	13	-30.578255
162	13	-42.436416
164	13	-52.569779
166	13	-60.282975
168	13	-64.349594
170	13	-63.60527
172	13	-58.521103
174	13	-51.575211
176	13	-45.134307
178	13	-39.632019
180	13	-34.001861
182	13	-28.513062
184	13	-23.962249
186	13	-20.441345
188	13	-17.554031
190	13	-15.33815
192	13	-14.14975
194	13	-14.152252
196	13	-16.131989
198	13	-19.982247
200	13	-23.92345
202	13	-25.681929
204	13	-25.828133
206	13	-20.961007
0	14	20.811085
2	14	36.024244
4	14	42.012192
6	14	44.405708
8	14	46.948326
10	14	48.179604
12	14	47.458404
14	14	46.966301
16	14	48.513169
18	14	52.934937
20	14	58.954284
22	14	64.001572
24	14	67.33928
26	14	68.415741
28	14	66.756729
30	14	62.476044
32	14	56.127259
34	14	48.207306
36	14	38.9803
38	14	28.778656
40	14	18.252304
42	14	8.290374
44	14	-0.378777
46	14	-7.704658
48	14	-14.664116
50	14	-23.260299
52	14	-36.045349
54	14	-54.947368
56	14	-79.491181
58	14	-105.614956
60	14	-126.357834
62	14	-134.698899
64	14	-126.983333
66	14	-104.782055
68	14	-74.160728
70	14	-42.782501
72	14	-16.77752
74	14	0.770317
76	14	9.692825
78	14	11.426223
80	14	7.872147
82	14	0.701866
84	14	-8.739296
86	14	-19.228523
88	14	-29.512036
90	14	-38.089546
92	14	-43.677264
94	14	-45.653925
96	14	-44.14388
98	14	-39.855905
100	14	-33.929018
102	14	-27.764877
104	14	-22.271164
106	14	-17.934765
108	14	-14.709839
110	14	-11.996617
112	14	-9.230865
114	14	-6.137099
116	14	-2.711517
118	14	0.437325
120	14	2.818854
122	14	4.362472
124	14	5.417901
126	14	6.664206
128	14	8.891793
130	14	12.609431
132	14	17.826957
134	14	24.196817
136	14	31.126158
138	14	37.609879
140	14	42.585949
142	14	45.323864
144	14	45.598142
146	14	43.354331
148	14	38.490348
150	14	31.051399
152	14	21.368109
154	14	9.968941
156	14	-2.410088
158	14	-14.929024
160	14	-26.893906
162	14	-37.767548
164	14	-47.084534
166	14	-54.235794
168	14	-58.147094
170	14	-57.7984
172	14	-53.595276
174	14	-47.721787
176	14	-42.232574
178	14	-37.441071
180	14	-32.473877
182	14	-27.56958
184	14	-23.36615
186	14	-19.918884
188	14	-16.926162
190	14	-14.492294
192	14	-12.967667
194	14	-12.479401
196	14	-13.699814
198	14	-16.567627
200	14	-19.633492
202	14	-20.930238
204	14	-20.573196
206	14	-15.879784
0	15	18.128586
2	15	32.259095
4	15	37.776932
6	15	40.601059
8	15	43.108323
10	15	44.262474
12	15	43.74797
14	15	43.44223
16	15	44.846741
18	15	48.720336
20	15	54.101868
22	15	58.756835
24	15	61.67781
26	15	62.221008
28	15	60.286209
30	15	55.779876
32	15	49.134307
34	15	40.857346
36	15	31.31163
38	15	20.872497
40	15	10.089874
42	15	-0.295182
44	15	-9.588951
46	15	-17.651451
48	15	-25.330307
50	15	-34.370468
52	15	-46.770195
54	15	-63.662935
56	15	-83.995596
58	15	-103.993427
60	15	-118.112316
62	15	-121.331737
64	15	-111.627365
66	15	-90.930714
68	15	-64.393288
70	15	-38.353676
72	15	-17.851532
74	15	-5.188797
76	15	0.125343
78	15	-0.439202
80	15	-5.219147
82	15	-12.791279
84	15	-22.060387
86	15	-32.176953
88	15	-42.042155
90	15	-50.100136
92	15	-55.046839
94	15	-56.27944
96	15	-53.926112
98	15	-49.06134
100	15	-43.077365
102	15	-36.922903
104	15	-31.494346
106	15	-26.840057
108	15	-22.283655
110	15	-17.528542
112	15	-12.543766
114	15	-7.321522
116	15	-2.570919
118	15	1.548868
120	15	5.000792
122	15	7.444926
124	15	8.97294
126	15	10.098989
128	15	11.5494
130	15	14.02679
132	15	17.86775
134	15	23.115994
136	15	29.086104
138	15	34.815723
140	15	39.226057
142	15	41.584419
144	15	41.667293
146	15	39.503839
148	15	35.108025
150	15	28.48118
152	15	19.846288
154	15	9.678303
156	15	-1.382812
158	15	-12.671166
160	15	-23.569443
162	15	-33.537185
164	15	-42.117401
166	15	-48.75795
168	15	-52.522415
170	15	-52.556854
172	15	-49.226853
174	15	-44.396194
176	15	-39.809662
178	15	-35.670426
180	15	-31.276626
182	15	-26.850159
184	15	-22.898514
186	15	-19.458237
188	15	-16.339646
190	15	-13.712494
192	15	-11.909027
194	15	-11.026032
196	15	-11.640152
198	15	-13.685394
200	15	-16.00729
202	15	-16.819197
204	15	-15.918695
206	15	-11.382819
0	16	16.557083
2	16	29.240787
4	16	35.011208
6	16	38.309616
8	16	40.729432
10	16	41.834076
12	16	41.425117
14	16	41.149101
16	16	42.385818
18	16	45.713318
20	16	50.107025
22	16	53.711212
24	16	56.02005
26	16	56.389771
28	16	54.184586
30	16	49.530807
32	16	42.86792
34	16	34.511002
36	16	24.628586
38	16	13.708633
40	16	2.493942
42	16	-8.341507
44	16	-18.347122
46	16	-27.418038
48	16	-36.175171
50	16	-45.933327
52	16	-58.018906
54	16	-72.837906
56	16	-89.013862
58	16	-103.280956
60	16	-111.212401
62	16	-109.366822
64	16	-97.113895
66	16	-76.732285
68	16	-52.507763
70	16	-30.048623
72	16	-14.162705
74	16	-6.6175
76	16	-5.91896
78	16	-9.984764
80	16	-17.269485
82	16	-26.419207
84	16	-36.371974
86	16	-46.411232
88	16	-55.493842
90	16	-62.173571
92	16	-65.572083
94	16	-65.315229
96	16	-62.168548
98	16	-57.23414
100	16	-51.589799
102	16	-46.331456
104	16	-41.695279
106	16	-37.65328
108	16	-33.271069
110	16	-28.343355
112	16	-22.30962
114	16	-15.21006
116	16	-8.112898
118	16	-1.778755
120	16	3.834428
122	16	8.678757
124	16	12.150219
126	16	14.577829
128	16	16.52621
130	16	18.4311
132	16	20.935267
134	16	24.532491
136	16	28.872081
138	16	33.218223
140	16	36.720846
142	16	38.563669
144	16	38.455135
146	16	36.339574
148	16	32.29431
150	16	26.325972
152	16	18.564845
154	16	9.421283
156	16	-0.52697
158	16	-10.727501
160	16	-20.658638
162	16	-29.806603
164	16	-37.704529
166	16	-43.850387
168	16	-47.455292
170	16	-47.851807
172	16	-45.375977
174	16	-41.566178
176	16	-37.861832
178	16	-34.362885
180	16	-30.495483
182	16	-26.458649
184	16	-22.683289
186	16	-19.194229
188	16	-15.913483
190	16	-13.072311
192	16	-10.998901
194	16	-9.79132
196	16	-9.91507
198	16	-11.242287
200	16	-12.925042
202	16	-13.369993
204	16	-11.936617
206	16	-7.654706
0	17	15.488454
2	17	26.798054
4	17	32.651867
6	17	36.091797
8	17	38.354103
10	17	39.566513
12	17	39.491249
14	17	39.200791
16	17	40.286026
18	17	43.27182
20	17	47.240403
22	17	50.390381
24	17	51.815674
26	17	51.110077
28	17	48.21141
30	17	43.213211
32	17	36.320938
34	17	28.020676
36	17	18.259232
38	17	7.132003
40	17	-4.544128
42	17	-15.951737
44	17	-26.720436
46	17	-36.856896
48	17	-46.824638
50	17	-57.50119
52	17	-69.532221
54	17	-82.711862
56	17	-95.319039
58	17	-104.645862
60	17	-107.098246
62	17	-100.665247
64	17	-85.602592
66	17	-64.217948
68	17	-40.304611
70	17	-19.607613
72	17	-6.615349
74	17	-2.155758
76	17	-5.423996
78	17	-13.415886
80	17	-24.954011
82	17	-37.454917
84	17	-49.7357
86	17	-60.882364
88	17	-69.905285
90	17	-75.397003
92	17	-76.626236
94	17	-74.317128
96	17	-69.747503
98	17	-64.130149
100	17	-58.485147
102	17	-53.636077
104	17	-49.923471
106	17	-46.613768
108	17	-43.255569
110	17	-38.951792
112	17	-33.148728
114	17	-26.057412
116	17	-18.154203
118	17	-10.386593
120	17	-2.973361
122	17	3.569447
124	17	9.152182
126	17	13.971749
128	17	17.922715
130	17	21.217578
132	17	23.944565
134	17	26.760969
136	17	29.976041
138	17	33.425646
140	17	36.192552
142	17	37.317553
144	17	36.784134
146	17	34.501826
148	17	30.54452
150	17	24.934891
152	17	17.723566
154	17	9.283245
156	17	0.132084
158	17	-9.239533
160	17	-18.282097
162	17	-26.567802
164	17	-33.771347
166	17	-39.444458
168	17	-42.939316
170	17	-43.722534
172	17	-42.034363
174	17	-39.100952
176	17	-36.171631
178	17	-33.31694
180	17	-30.032623
182	17	-26.408036
184	17	-22.812226
186	17	-19.285721
188	17	-15.833435
190	17	-12.703323
192	17	-10.301117
194	17	-8.821541
196	17	-8.554924
198	17	-9.186317
200	17	-10.090084
202	17	-10.13756
204	17	-8.329502
206	17	-4.575953
0	18	13.930706
2	18	24.23441
4	18	30.21001
6	18	33.461822
8	18	35.147507
10	18	35.965424
12	18	35.643142
14	18	35.430161
16	18	36.769944
18	18	40.16478
20	18	44.631973
22	18	47.911301
24	18	49.037323
26	18	47.843109
28	18	44.535706
30	18	39.012985
32	18	31.555619
34	18	22.543213
36	18	11.813187
38	18	-0.186478
40	18	-12.512313
42	18	-24.533829
44	18	-36.118858
46	18	-47.359306
48	18	-58.528652
50	18	-69.989632
52	18	-81.74042
54	18	-93.17071
56	18	-102.770554
58	18	-107.604629
60	18	-105.323646
62	18	-95.225628
64	18	-78.310607
66	18	-56.401159
68	18	-34.145371
70	18	-16.343868
72	18	-5.658008
74	18	-1.855019
76	18	-5.215889
78	18	-15.240305
80	18	-29.517565
82	18	-45.820558
84	18	-61.017126
86	18	-73.088646
88	18	-81.798042
90	18	-86.261478
92	18	-86.140782
94	18	-82.358025
96	18	-76.668332
98	18	-70.412553
100	18	-64.748276
102	18	-60.307859
104	18	-57.151235
106	18	-54.558727
108	18	-51.839323
110	18	-48.0235
112	18	-42.572329
114	18	-35.721984
116	18	-28.311728
118	18	-20.429658
120	18	-12.81619
122	18	-5.57555
124	18	1.5704
126	18	7.946995
128	18	13.319358
130	18	18.032691
132	18	22.334225
134	18	25.922359
136	18	29.271282
138	18	32.384021
140	18	34.675396
142	18	36.152678
144	18	35.948133
146	18	33.872089
148	18	30.265132
150	18	25.169844
152	18	18.542303
154	18	10.449226
156	18	1.541259
158	18	-7.375382
160	18	-15.886208
162	18	-23.603469
164	18	-30.15062
166	18	-35.359414
168	18	-38.781128
170	18	-39.903137
172	18	-38.867081
174	18	-36.751449
176	18	-34.770508
178	18	-32.899475
180	18	-30.3694
182	18	-27.056808
184	18	-23.309814
186	18	-19.400116
188	18	-15.571991
190	18	-12.228455
192	18	-9.719528
194	18	-7.814179
196	18	-7.056847
198	18	-7.216946
200	18	-7.488774
202	18	-7.033508
204	18	-4.912899
206	18	-2.175114
0	19	12.831102
2	19	22.445926
4	19	28.50185
6	19	31.404091
8	19	32.830803
10	19	33.383247
12	19	33.096275
14	19	33.143036
16	19	35.012115
18	19	38.860412
20	19	43.540878
22	19	46.884598
24	19	47.95224
26	19	46.536133
28	19	42.789642
30	19	36.762497
32	19	28.677781
34	19	18.897141
36	19	7.850281
38	19	-4.413636
40	19	-17.219253
42	19	-29.930236
44	19	-42.755134
46	19	-55.425568
48	19	-67.421242
50	19	-78.457603
52	19	-88.614563
54	19	-97.471123
56	19	-103.684448
58	19	-105.052429
60	19	-99.757075
62	19	-87.519317
64	19	-70.094329
66	19	-49.569052
68	19	-29.695591
70	19	-14.19463
72	19	-3.996045
74	19	-0.296165
76	19	-4.374243
78	19	-16.441266
80	19	-33.530492
82	19	-52.293882
84	19	-69.407742
86	19	-82.692621
88	19	-91.018331
90	19	-94.215849
92	19	-92.801794
94	19	-88.001322
96	19	-81.674158
98	19	-75.240181
100	19	-69.922827
102	19	-66.190765
104	19	-63.537096
106	19	-61.508799
108	19	-59.210096
110	19	-55.596569
112	19	-50.440634
114	19	-44.056368
116	19	-37.095056
118	19	-30.283778
120	19	-23.137497
122	19	-15.466669
124	19	-7.37882
126	19	0.284174
128	19	6.770619
130	19	11.805197
132	19	16.008264
134	19	19.960749
136	19	23.96829
138	19	27.330717
140	19	29.817104
142	19	31.536759
144	19	32.258772
146	19	31.587283
148	19	29.168118
150	19	24.902357
152	19	18.789513
154	19	11.090763
156	19	2.482738
158	19	-6.239083
160	19	-14.20385
162	19	-20.972054
164	19	-26.700043
166	19	-31.383484
168	19	-34.691467
170	19	-36.167984
172	19	-35.8358
174	19	-34.529709
176	19	-33.421447
178	19	-32.207963
180	19	-29.853882
182	19	-26.326004
184	19	-22.419342
186	19	-18.394378
188	19	-14.479049
190	19	-11.196686
192	19	-8.783073
194	19	-6.799325
196	19	-5.387626
198	19	-4.8717
200	19	-5.067547
202	19	-4.623598
204	19	-2.178734
206	19	-0.78829
0	20	12.688346
2	20	22.4132
4	20	28.537476
6	20	31.347557
8	20	33.077286
10	20	34.211563
12	20	34.506737
14	20	34.81707
16	20	36.327133
18	20	39.637848
20	20	43.822525
22	20	46.75122
24	20	47.157669
26	20	44.712036
28	20	39.704346
30	20	32.553009
32	20	23.787323
34	20	13.944336
36	20	3.764298
38	20	-6.917053
40	20	-17.860039
42	20	-29.084946
44	20	-40.395622
46	20	-51.752452
48	20	-62.962147
50	20	-73.610007
52	20	-83.347225
54	20	-91.433862
56	20	-96.366074
58	20	-96.24879
60	20	-90.26143
62	20	-79.057561
64	20	-63.993872
66	20	-46.375409
68	20	-28.581596
70	20	-13.690771
72	20	-4.260984
74	20	-2.421179
76	20	-9.685442
78	20	-25.546122
80	20	-44.426847
82	20	-61.913667
84	20	-77.158785
86	20	-89.924059
88	20	-98.864762
90	20	-102.076838
92	20	-100.014325
94	20	-94.275722
96	20	-86.930655
98	20	-79.550695
100	20	-73.403456
102	20	-68.856621
104	20	-65.605888
106	20	-62.936384
108	20	-59.98679
110	20	-56.392727
112	20	-51.875393
114	20	-46.471836
116	20	-40.676772
118	20	-34.624119
120	20	-27.934194
122	20	-20.673169
124	20	-13.183559
126	20	-5.951077
128	20	0.47843
130	20	5.77518
132	20	9.872806
134	20	13.523567
136	20	17.14733
138	20	21.222119
140	20	24.879558
142	20	26.915331
144	20	27.742503
146	20	27.627843
148	20	25.958373
150	20	22.193795
152	20	16.549134
154	20	9.508911
156	20	1.721241
158	20	-5.995258
160	20	-13.050438
162	20	-19.25351
164	20	-24.459366
166	20	-28.511978
168	20	-31.19934
170	20	-32.406342
172	20	-32.16597
174	20	-31.287232
176	20	-30.667053
178	20	-29.738373
180	20	-27.730942
182	20	-24.532578
184	20	-20.618866
186	20	-16.683105
188	20	-12.968308
190	20	-9.616608
192	20	-6.845383
194	20	-4.650894
196	20	-2.833191
198	20	-1.602326
200	20	-0.761096
202	20	0.294018
204	20	2.0261
206	20	0.131214
0	21	13.639356
2	21	23.396423
4	21	28.999413
6	21	31.592461
8	21	33.461327
10	21	34.535797
12	21	34.457436
14	21	34.375481
16	21	35.260757
18	21	38.085343
20	21	41.974609
22	21	44.620377
24	21	44.744705
26	21	42.062134
28	21	36.92508
30	21	30.288711
32	21	22.691803
34	21	14.287094
36	21	5.190781
38	21	-4.817932
40	21	-15.26181
42	21	-25.977059
44	21	-36.739174
46	21	-47.510037
48	21	-58.097191
50	21	-67.943145
52	21	-76.489004
54	21	-83.1208
56	21	-86.828823
58	21	-85.882122
60	21	-79.338412
62	21	-68.027079
64	21	-54.011173
66	21	-39.61959
68	21	-26.410167
70	21	-15.883398
72	21	-10.141197
74	21	-11.645961
76	21	-22.942179
78	21	-40.043626
80	21	-57.526243
82	21	-73.201188
84	21	-86.977703
86	21	-98.15482
88	21	-105.771879
90	21	-108.345468
92	21	-105.691116
94	21	-99.434663
96	21	-91.794776
98	21	-83.934021
100	21	-76.815032
102	21	-70.845008
104	21	-65.902502
106	21	-61.347539
108	21	-56.909411
110	21	-52.48909
112	21	-47.966641
114	21	-43.328411
116	21	-38.601502
118	21	-33.392848
120	21	-27.555968
122	21	-21.53832
124	21	-15.400618
126	21	-9.201804
128	21	-2.983108
130	21	2.890209
132	21	7.729729
134	21	11.54265
136	21	14.374887
138	21	16.697269
140	21	18.579855
142	21	19.844679
144	21	20.272404
146	21	19.938988
148	21	18.427259
150	21	15.390661
152	21	10.877989
154	21	5.249852
156	21	-0.817128
158	21	-6.617417
160	21	-12.093971
162	21	-17.261399
164	21	-21.637306
166	21	-24.943474
168	21	-26.973709
170	21	-27.657578
172	21	-27.709808
174	21	-27.95578
176	21	-28.417206
178	21	-28.260467
180	21	-26.736115
182	21	-23.980011
184	21	-20.371598
186	21	-16.434417
188	21	-12.562821
190	21	-8.794739
192	21	-5.521729
194	21	-2.966934
196	21	-0.809593
198	21	0.958938
200	21	2.581189
202	21	4.082082
204	21	6.391465
206	21	1.905365
0	22	14.360601
2	22	23.221798
4	22	27.288239
6	22	28.900299
8	22	30.137062
10	22	30.922165
12	22	30.609466
14	22	30.365013
16	22	31.450851
18	22	34.498612
20	22	38.447037
22	22	41.021194
24	22	41.026612
26	22	38.2742
28	22	33.492356
30	22	27.717362
32	22	21.64003
34	22	15.309295
36	22	8.150116
38	22	0.204803
40	22	-8.34069
42	22	-17.52565
44	22	-27.21196
46	22	-37.141953
48	22	-46.758873
50	22	-55.352688
52	22	-62.26605
54	22	-66.982882
56	22	-69.030614
58	22	-67.063742
60	22	-60.557547
62	22	-50.335821
64	22	-38.364952
66	22	-27.948374
68	22	-20.343666
70	22	-16.412026
72	22	-18.164534
74	22	-26.444037
76	22	-40.814013
78	22	-57.097968
80	22	-72.620223
82	22	-86.891297
84	22	-99.006163
86	22	-108.376062
88	22	-113.624612
90	22	-114.065517
92	22	-109.753503
94	22	-102.560702
96	22	-94.349053
98	22	-86.108964
100	22	-78.447175
102	22	-71.574026
104	22	-65.183269
106	22	-59.025449
108	22	-53.163646
110	22	-47.731591
112	22	-42.784753
114	22	-38.194754
116	22	-33.692663
118	22	-28.977675
120	22	-23.968572
122	22	-18.920376
124	22	-14.048861
126	22	-9.018382
128	22	-3.729181
130	22	1.565819
132	22	6.203058
134	22	9.439154
136	22	11.635496
138	22	13.31946
140	22	14.52414
142	22	15.591124
144	22	16.328933
146	22	15.946116
148	22	14.318775
150	22	11.284468
152	22	7.025738
154	22	2.043037
156	22	-3.155541
158	22	-8.080967
160	22	-12.568451
162	22	-16.576424
164	22	-19.591369
166	22	-21.588615
168	22	-22.90538
170	22	-23.74562
172	22	-24.349518
174	22	-24.982331
176	22	-25.432892
178	22	-25.184891
180	22	-23.636765
182	22	-20.831665
184	22	-17.317002
186	22	-13.575973
188	22	-9.968292
190	22	-6.737564
192	22	-3.769402
194	22	-1.23381
196	22	1.220978
198	22	3.582444
200	22	5.732781
202	22	6.871787
204	22	9.662317
206	22	3.676981
0	23	12.050085
2	23	18.980732
4	23	22.272164
6	23	23.86763
8	23	25.119446
10	23	25.962051
12	23	25.547195
14	23	25.103897
16	23	26.193024
18	23	29.364685
20	23	33.230118
22	23	35.433655
24	23	35.064179
26	23	32.231674
28	23	27.74971
30	23	22.68483
32	23	17.674103
34	23	12.601593
36	23	6.483535
38	23	-0.772552
40	23	-8.806855
42	23	-17.313858
44	23	-25.965897
46	23	-34.431481
48	23	-42.339378
50	23	-49.317192
52	23	-54.836174
54	23	-58.307646
56	23	-59.203069
58	23	-56.25917
60	23	-49.683965
62	23	-40.680864
64	23	-30.713167
66	23	-22.22354
68	23	-17.170756
70	23	-16.959015
72	23	-22.236124
74	23	-32.76095
76	23	-46.779484
78	23	-62.217627
80	23	-77.464226
82	23	-91.978512
84	23	-104.893037
86	23	-114.391181
88	23	-118.046552
90	23	-116.225323
92	23	-110.723423
94	23	-102.902233
96	23	-94.083222
98	23	-85.347042
100	23	-76.819497
102	23	-68.479202
104	23	-60.368282
106	23	-52.697453
108	23	-45.846157
110	23	-40.131634
112	23	-35.582764
114	23	-31.797661
116	23	-28.235527
118	23	-24.479393
120	23	-20.418251
122	23	-16.206653
124	23	-12.052364
126	23	-7.948399
128	23	-3.935508
130	23	-0.184986
132	23	3.192005
134	23	6.191639
136	23	8.826625
138	23	11.156685
140	23	13.074886
142	23	14.656775
144	23	15.818152
146	23	15.982926
148	23	14.789284
150	23	12.047208
152	23	7.951658
154	23	3.135485
156	23	-1.696598
158	23	-6.237069
160	23	-10.326206
162	23	-13.586254
164	23	-15.789978
166	23	-17.088753
168	23	-17.969551
170	23	-18.835991
172	23	-19.732383
174	23	-20.523041
176	23	-21.042907
178	23	-20.89212
180	23	-19.672165
182	23	-17.418381
184	23	-14.411285
186	23	-11.114685
188	23	-7.987182
190	23	-5.274338
192	23	-2.724945
194	23	-0.334449
196	23	2.223915
198	23	5.068388
200	23	7.937182
202	23	9.394748
204	23	12.491316
206	23	6.10619
0	24	10.336252
2	24	16.984733
4	24	19.978317
6	24	21.624947
8	24	23.319198
10	24	24.68821
12	24	24.648118
14	24	24.646652
16	24	26.187805
18	24	29.654038
20	24	33.532974
22	24	35.514633
24	24	34.911926
26	24	32.050506
28	24	27.746994
30	24	22.994278
32	24	18.363907
34	24	13.761932
36	24	8.210114
38	24	1.480148
40	24	-6.183403
42	24	-14.408027
44	24	-22.674133
46	24	-30.548569
48	24	-37.747139
50	24	-44.069886
52	24	-49.094959
54	24	-52.249863
56	24	-52.923762
58	24	-49.814558
60	24	-43.346112
62	24	-34.888441
64	24	-25.913839
66	24	-18.507067
68	24	-14.63568
70	24	-15.579311
72	24	-21.637097
74	24	-32.50549
76	24	-46.479919
78	24	-62.224025
80	24	-78.32119
82	24	-93.813816
84	24	-107.225655
86	24	-115.969021
88	24	-118.104485
90	24	-114.912155
92	24	-108.691589
94	24	-100.837711
96	24	-92.373081
98	24	-84.01236
100	24	-75.518223
102	24	-66.817424
104	24	-58.157707
106	24	-49.954556
108	24	-42.769085
110	24	-37.045956
112	24	-32.790226
114	24	-29.446118
116	24	-26.310806
118	24	-22.908402
120	24	-19.163246
122	24	-15.258767
124	24	-11.437027
126	24	-7.775688
128	24	-4.258805
130	24	-0.99736
132	24	1.997323
134	24	4.891685
136	24	7.578255
138	24	10.042137
140	24	12.131485
142	24	13.80981
144	24	15.048947
146	24	15.444267
148	24	14.517792
150	24	11.904188
152	24	7.720222
154	24	2.630093
156	24	-2.519077
158	24	-7.279419
160	24	-11.414189
162	24	-14.5697
164	24	-16.665623
166	24	-17.874363
168	24	-18.628708
170	24	-19.288048
172	24	-19.872032
174	24	-20.324791
176	24	-20.641365
178	24	-20.391098
180	24	-19.183968
182	24	-17.078087
184	24	-14.230766
186	24	-10.983589
188	24	-7.759865
190	24	-4.881317
192	24	-2.215572
194	24	0.114528
196	24	2.503164
198	24	5.363235
200	24	8.511972
202	24	10.259767
204	24	14.193064
206	24	14.634903
0	25	10.309685
2	25	16.880627
4	25	19.674683
6	25	21.224243
8	25	22.959343
10	25	24.424079
12	25	24.472778
14	25	24.582314
16	25	26.198585
18	25	29.655136
20	25	33.450882
22	25	35.336044
24	25	34.692245
26	25	31.879807
28	25	27.692612
30	25	23.079284
32	25	18.592148
34	25	14.160355
36	25	8.855941
38	25	2.43544
40	25	-4.912521
42	25	-12.832024
44	25	-20.780479
46	25	-28.312096
48	25	-35.160308
50	25	-41.158615
52	25	-45.922123
54	25	-48.908517
56	25	-49.516175
58	25	-46.482074
60	25	-40.239259
62	25	-32.129774
64	25	-23.612337
66	25	-16.684917
68	25	-13.204279
70	25	-14.322818
72	25	-20.314148
74	25	-30.908745
76	25	-44.497482
78	25	-59.85453
80	25	-75.632236
82	25	-90.828762
84	25	-103.883996
86	25	-112.18631
88	25	-113.98196
90	25	-110.637463
92	25	-104.436237
94	25	-96.815346
96	25	-88.726837
98	25	-80.746235
100	25	-72.569679
102	25	-64.124744
104	25	-55.68
106	25	-47.673359
108	25	-40.682511
110	25	-35.162033
112	25	-31.113861
114	25	-27.974899
116	25	-25.035927
118	25	-21.829186
120	25	-18.284919
122	25	-14.584167
124	25	-10.975785
126	25	-7.537231
128	25	-4.232849
130	25	-1.147377
132	25	1.708068
134	25	4.475646
136	25	7.046883
138	25	9.417854
140	25	11.427872
142	25	13.02631
144	25	14.194931
146	25	14.572696
148	25	13.702709
150	25	11.20412
152	25	7.165176
154	25	2.213133
156	25	-2.821638
158	25	-7.468246
160	25	-11.47259
162	25	-14.532591
164	25	-16.597683
166	25	-17.81321
168	25	-18.551208
170	25	-19.13731
172	25	-19.607414
174	25	-19.955627
176	25	-20.205399
178	25	-19.939148
180	25	-18.782867
182	25	-16.777237
184	25	-14.033546
186	25	-10.844277
188	25	-7.613999
190	25	-4.698387
192	25	-2.018547
194	25	0.271148
196	25	2.563971
198	25	5.345349
200	25	8.438127
202	25	10.158115
204	25	14.562708
206	25	19.763847
