0	1	18.093981
2	1	35.981739
4	1	46.414642
6	1	50.91238
8	1	53.252838
10	1	55.526329
12	1	55.525589
14	1	55.979019
16	1	59.491561
18	1	64.715469
20	1	69.947952
22	1	71.802842
24	1	70.596374
26	1	67.327805
28	1	60.945068
30	1	49.791321
32	1	38.11345
34	1	30.579758
36	1	24.583237
38	1	18.618744
40	1	13.952118
42	1	15.448669
44	1	19.768891
46	1	26.785569
48	1	34.696045
50	1	35.320557
52	1	32.100647
54	1	25.268432
56	1	18.683594
58	1	25.859161
60	1	37.979187
62	1	40.441559
64	1	27.940857
66	1	14.996155
68	1	16.064972
70	1	17.566269
72	1	4.444702
74	1	-14.488617
76	1	-21.926148
78	1	-26.374588
80	1	-25.012253
82	1	-21.725837
84	1	-15.989563
86	1	-7.440998
88	1	-0.83445
90	1	1.903778
92	1	7.238403
94	1	11.575108
96	1	12.654449
98	1	13.331551
100	1	17.90876
102	1	16.808968
104	1	7.784347
106	1	-6.763199
108	1	-29.155578
110	1	-55.3694
112	1	-79.586342
114	1	-97.891121
116	1	-109.236419
118	1	-114.133583
120	1	-117.945778
122	1	-120.375267
124	1	-114.147034
126	1	-108.615639
128	1	-105.722008
130	1	-109.037537
132	1	-104.863037
134	1	-89.269119
136	1	-61.674271
138	1	-21.961532
140	1	17.948441
142	1	46.469833
144	1	56.55146
146	1	45.398178
148	1	28.32177
150	1	19.532771
152	1	20.199356
154	1	25.759718
156	1	33.872113
158	1	42.126638
160	1	43.195168
162	1	28.545675
164	1	2.054546
166	1	-8.274032
168	1	-4.256081
170	1	-3.38873
172	1	-20.507175
174	1	-64.690801
176	1	-78.532704
178	1	-66.651902
180	1	-46.634415
182	1	-22.468658
184	1	-9.655105
186	1	-1.472519
188	1	9.074829
190	1	16.74054
192	1	20.92414
194	1	21.204982
196	1	13.250257
198	1	-0.218212
200	1	-8.271608
202	1	-8.578882
204	1	0.592764
206	1	3.046825
0	2	29.540642
2	2	52.552071
4	2	57.612571
6	2	57.32457
8	2	58.263901
10	2	58.022415
12	2	55.30098
14	2	56.062988
16	2	62.532944
18	2	70.540878
20	2	78.525742
22	2	82.354675
24	2	82.690384
26	2	80.001968
28	2	73.665481
30	2	62.492493
32	2	49.707764
34	2	40.560181
36	2	34.569245
38	2	29.789062
40	2	27.105011
42	2	30.537201
44	2	36.182862
46	2	43.627289
48	2	52.016204
50	2	53.50473
52	2	54.81607
54	2	50.683838
56	2	49.079834
58	2	43.681701
60	2	51.128723
62	2	64.142578
64	2	73.010376
66	2	63.844269
68	2	45.179901
70	2	20.962616
72	2	0.29422
74	2	-14.988227
76	2	-27.836952
78	2	-26.594933
80	2	-22.357094
82	2	-16.739746
84	2	-8.774852
86	2	-5.105453
88	2	-1.295288
90	2	2.762552
92	2	8.149845
94	2	15.116333
96	2	22.569428
98	2	28.256279
100	2	33.876885
102	2	35.542358
104	2	29.221298
106	2	15.87706
108	2	-9.163567
110	2	-37.221069
112	2	-64.603592
114	2	-78.291236
116	2	-82.196183
118	2	-87.91687
120	2	-103.245277
122	2	-111.035667
124	2	-106.947166
126	2	-110.093438
128	2	-117.222771
130	2	-127.470642
132	2	-124.743256
134	2	-108.363495
136	2	-74.394119
138	2	-31.220855
140	2	15.359665
142	2	47.301628
144	2	65.669617
146	2	68.907569
148	2	61.71051
150	2	54.174985
152	2	48.802301
154	2	47.900225
156	2	48.831237
158	2	48.009008
160	2	39.894314
162	2	20.718712
164	2	0.172562
166	2	-7.588371
168	2	-8.541557
170	2	-23.172028
172	2	-57.670532
174	2	-93.109955
176	2	-96.499603
178	2	-81.195739
180	2	-47.951843
182	2	-22.776215
184	2	-4.245697
186	2	8.910523
188	2	18.968384
190	2	23.872711
192	2	25.683578
194	2	24.008286
196	2	15.096665
198	2	1.650724
200	2	-2.698
202	2	2.068023
204	2	12.715579
206	2	3.725346
0	3	29.182404
2	3	58.057708
4	3	65.04213
6	3	57.801025
8	3	49.604934
10	3	40.823914
12	3	33.974671
14	3	34.231888
16	3	42.586929
18	3	55.565216
20	3	69.289886
22	3	78.348694
24	3	82.716522
26	3	82.287262
28	3	77.076141
30	3	67.78128
32	3	56.367218
34	3	49.024597
36	3	45.113953
38	3	42.663024
40	3	43.244751
42	3	48.520966
44	3	56.669311
46	3	63.911835
48	3	68.484985
50	3	66.119812
52	3	62.317443
54	3	49.181396
56	3	35.459046
58	3	41.424866
60	3	75.30835
62	3	112.505615
64	3	113.760773
66	3	85.622406
68	3	49.443405
70	3	18.291138
72	3	0.859955
74	3	-10.903183
76	3	-18.272705
78	3	-16.573044
80	3	-12.812202
82	3	-8.717619
84	3	-8.409051
86	3	-8.215831
88	3	-3.791095
90	3	5.579188
92	3	12.636816
94	3	20.337195
96	3	26.883136
98	3	32.715008
100	3	34.626019
102	3	35.923206
104	3	38.227616
106	3	31.314442
108	3	3.934288
110	3	-26.624458
112	3	-50.340561
114	3	-56.209976
116	3	-54.1241
118	3	-62.47187
120	3	-76.444481
122	3	-84.759857
124	3	-88.201454
126	3	-94.432754
128	3	-107.906906
130	3	-120.684372
132	3	-124.187103
134	3	-110.136147
136	3	-76.617912
138	3	-25.822754
140	3	19.517555
142	3	44.943833
144	3	52.483498
146	3	53.547331
148	3	52.454292
150	3	50.994397
152	3	50.358432
154	3	51.583384
156	3	50.836861
158	3	43.394158
160	3	29.82058
162	3	14.948487
164	3	5.324295
166	3	1.110855
168	3	-7.343033
170	3	-30.805626
172	3	-62.195633
174	3	-74.706482
176	3	-75.58461
178	3	-65.80983
180	3	-40.585938
182	3	-16.421814
184	3	7.447052
186	3	20.955353
188	3	26.130829
190	3	26.470749
192	3	22.415268
194	3	20.552666
196	3	10.880856
198	3	-0.903108
200	3	-3.333291
202	3	3.257038
204	3	12.993181
206	3	-2.639574
0	4	26.655991
2	4	52.208832
4	4	64.794296
6	4	58.753952
8	4	47.150665
10	4	33.719147
12	4	21.428803
14	4	14.175904
16	4	18.620575
18	4	30.851684
20	4	44.828155
22	4	55.773651
24	4	63.128052
26	4	66.496735
28	4	65.456604
30	4	61.358978
32	4	56.954162
34	4	57.704376
36	4	58.737396
38	4	57.5094
40	4	55.40802
42	4	56.145264
44	4	57.152832
46	4	54.161804
48	4	49.031738
50	4	43.940612
52	4	36.586487
54	4	25.95105
56	4	24.71405
58	4	57.170532
60	4	113.618103
62	4	151.887238
64	4	134.151642
66	4	84.560562
68	4	43.27446
70	4	17.716926
72	4	6.062111
74	4	-4.900887
76	4	-9.596669
78	4	-9.00616
80	4	-5.920286
82	4	-4.642728
84	4	-6.93005
86	4	-11.028604
88	4	-12.661527
90	4	-4.411991
92	4	1.238174
94	4	7.483756
96	4	15.585489
98	4	21.109005
100	4	23.314839
102	4	26.910095
104	4	32.394013
106	4	31.303551
108	4	9.516785
110	4	-19.264801
112	4	-36.918136
114	4	-37.118263
116	4	-38.005867
118	4	-47.390846
120	4	-59.405151
122	4	-68.118149
124	4	-72.570804
126	4	-80.245987
128	4	-97.425794
130	4	-113.441453
132	4	-120.818233
134	4	-105.59454
136	4	-72.201431
138	4	-23.284454
140	4	17.667046
142	4	33.292076
144	4	31.036766
146	4	26.901691
148	4	21.601526
150	4	17.13775
152	4	18.561363
154	4	25.966485
156	4	33.931419
158	4	35.07257
160	4	27.839142
162	4	17.644333
164	4	9.412522
166	4	-0.651642
168	4	-19.577622
170	4	-47.457611
172	4	-63.001465
174	4	-66.101365
176	4	-61.45517
178	4	-47.245209
180	4	-27.072631
182	4	-6.961914
184	4	12.411011
186	4	24.795868
188	4	24.997345
190	4	22.795349
192	4	18.974152
194	4	14.36705
196	4	4.226692
198	4	-6.234665
200	4	-8.83238
202	4	-4.301413
204	4	5.3665
206	4	-12.195143
0	5	32.782173
2	5	53.039306
4	5	61.414489
6	5	56.420227
8	5	43.767517
10	5	30.487579
12	5	18.76181
14	5	12.032928
16	5	15.352142
18	5	21.065613
20	5	28.949127
22	5	38.842529
24	5	46.309052
26	5	51.662689
28	5	54.736602
30	5	56.769592
32	5	57.474549
34	5	59.664734
36	5	58.356506
38	5	50.943603
40	5	40.949463
42	5	32.940094
44	5	25.666259
46	5	18.032165
48	5	13.316803
50	5	10.826874
52	5	8.824585
54	5	15.07544
56	5	37.108704
58	5	84.81308
60	5	142.451629
62	5	170.927475
64	5	139.375457
66	5	85.945305
68	5	43.99588
70	5	21.193863
72	5	9.643814
74	5	3.472927
76	5	1.87355
78	5	-3.449457
80	5	-4.851414
82	5	-6.775135
84	5	-11.255825
86	5	-16.836212
88	5	-19.402719
90	5	-14.284475
92	5	-8.457216
94	5	-2.819254
96	5	6.93299
98	5	12.679631
100	5	14.670822
102	5	20.248612
104	5	29.252849
106	5	31.612748
108	5	17.616344
110	5	-4.88768
112	5	-15.059792
114	5	-11.428756
116	5	-9.451347
118	5	-17.233978
120	5	-28.235489
122	5	-39.676403
124	5	-49.758553
126	5	-63.182283
128	5	-83.295484
130	5	-98.958809
132	5	-107.545281
134	5	-101.270051
136	5	-72.493016
138	5	-27.157451
140	5	6.505218
142	5	10.526453
144	5	2.835935
146	5	-0.354832
148	5	-2.782986
150	5	-9.542053
152	5	-15.310585
154	5	-17.033585
156	5	-11.765106
158	5	-4.583206
160	5	-2.498535
162	5	-6.33612
164	5	-15.035492
166	5	-28.639312
168	5	-46.685273
170	5	-60.396972
172	5	-61.088623
174	5	-62.157868
176	5	-45.430542
178	5	-31.38031
180	5	-14.918671
182	5	-0.578979
184	5	14.633819
186	5	25.388733
188	5	26.355683
190	5	21.971771
192	5	15.843292
194	5	9.08023
196	5	0.275719
198	5	-9.759742
200	5	-12.388042
202	5	-9.836359
204	5	-2.204018
206	5	-20.808422
0	6	38.571899
2	6	57.635926
4	6	61.579925
6	6	54.250427
8	6	40.851654
10	6	24.112549
12	6	11.852692
14	6	6.387237
16	6	9.220276
18	6	13.196746
20	6	21.766571
22	6	31.611053
24	6	38.48938
26	6	43.851593
28	6	47.68039
30	6	50.81668
32	6	50.319488
34	6	45.547791
36	6	35.549042
38	6	20.373321
40	6	6.448975
42	6	-2.203674
44	6	-9.991822
46	6	-15.275177
48	6	-11.899872
50	6	-8.76178
52	6	2.879059
54	6	26.336884
56	6	57.186554
58	6	109.140365
60	6	159.699768
62	6	170.516304
64	6	131.261314
66	6	82.951954
68	6	42.69075
70	6	17.559258
72	6	8.268116
74	6	8.760822
76	6	6.211117
78	6	-4.154899
80	6	-7.087474
82	6	-9.985618
84	6	-15.470892
86	6	-16.630135
88	6	-21.674005
90	6	-22.974015
92	6	-17.899429
94	6	-10.120966
96	6	-0.823494
98	6	3.509918
100	6	6.611553
102	6	13.267971
104	6	24.145347
106	6	31.442383
108	6	26.043575
110	6	12.429882
112	6	5.947898
114	6	12.680618
116	6	15.129699
118	6	11.359245
120	6	0.218857
122	6	-14.620533
124	6	-31.091778
126	6	-52.55615
128	6	-74.163021
130	6	-89.079094
132	6	-95.240616
134	6	-86.412396
136	6	-62.389332
138	6	-34.134787
140	6	-15.122172
142	6	-12.719792
144	6	-18.148022
146	6	-19.588596
148	6	-16.798118
150	6	-16.518204
152	6	-19.345078
154	6	-20.446274
156	6	-22.92862
158	6	-25.511383
160	6	-27.897705
162	6	-34.107422
164	6	-47.852783
166	6	-58.719238
168	6	-61.776245
170	6	-61.091614
172	6	-61.143005
174	6	-48.058136
176	6	-26.791992
178	6	-15.374634
180	6	-4.497894
182	6	7.214905
184	6	19.305328
186	6	27.736908
188	6	27.09491
190	6	20.745301
192	6	13.644776
194	6	5.433289
196	6	-2.327537
198	6	-11.162529
200	6	-15.362301
202	6	-13.451278
204	6	-6.007678
206	6	-26.121953
0	7	38.51413
2	7	58.122406
4	7	62.939758
6	7	54.600281
8	7	38.953888
10	7	22.359833
12	7	9.124145
14	7	2.741059
16	7	3.096833
18	7	6.1922
20	7	15.057312
22	7	25.508728
24	7	32.857208
26	7	36.602844
28	7	39.743347
30	7	40.698731
32	7	36.198486
34	7	26.473388
36	7	13.028412
38	7	-2.069031
40	7	-15.444428
42	7	-23.036407
44	7	-27.478577
46	7	-25.316528
48	7	-16.657471
50	7	-8.123077
52	7	11.367066
54	7	42.159897
56	7	77.007355
58	7	122.010808
60	7	154.51922
62	7	153.478746
64	7	117.549639
66	7	76.728237
68	7	40.110183
70	7	19.124041
72	7	15.574928
74	7	14.612489
76	7	8.078781
78	7	-6.738692
80	7	-16.927397
82	7	-24.395468
84	7	-25.149387
86	7	-21.925862
88	7	-26.303995
90	7	-30.12619
92	7	-28.056942
94	7	-21.138809
96	7	-9.875717
98	7	-3.035345
100	7	-0.106282
102	7	6.914131
104	7	19.377676
106	7	30.31735
108	7	35.303452
110	7	31.668758
112	7	28.818996
114	7	31.094095
116	7	27.613835
118	7	25.539223
120	7	18.094189
122	7	-1.545315
124	7	-22.259625
126	7	-44.115514
128	7	-64.476492
130	7	-75.298226
132	7	-75.852386
134	7	-67.711727
136	7	-53.648735
138	7	-39.509665
140	7	-29.032932
142	7	-22.223804
144	7	-20.621796
146	7	-19.47335
148	7	-17.800843
150	7	-14.873184
152	7	-12.151734
154	7	-9.668304
156	7	-8.624084
158	7	-14.980011
160	7	-26.684754
162	7	-40.38208
164	7	-55.680389
166	7	-66.390899
168	7	-67.435913
170	7	-63.181488
172	7	-59.402893
174	7	-32.507873
176	7	-15.055787
178	7	-5.342835
180	7	4.719422
182	7	14.821319
184	7	22.230408
186	7	25.035186
188	7	24.260132
190	7	19.048554
192	7	12.214341
194	7	3.448929
196	7	-3.595017
198	7	-10.120888
200	7	-14.833286
202	7	-13.874811
204	7	-5.452036
206	7	-25.815018
0	8	33.810593
2	8	53.532822
4	8	58.71344
6	8	51.144287
8	8	36.101379
10	8	20.069885
12	8	8.170777
14	8	3.007569
16	8	-0.703247
18	8	0.197357
20	8	7.864319
22	8	17.188568
24	8	24.90332
26	8	30.398957
28	8	31.428192
30	8	27.461578
32	8	18.736877
34	8	8.989258
36	8	-1.361267
38	8	-15.951874
40	8	-28.103241
42	8	-32.798248
44	8	-32.127899
46	8	-25.65805
48	8	-15.918213
50	8	-1.374084
52	8	24.527069
54	8	61.781197
56	8	91.695094
58	8	116.303139
60	8	130.73193
62	8	120.684782
64	8	94.391626
66	8	64.007803
68	8	36.639569
70	8	25.410158
72	8	25.327893
74	8	26.489384
76	8	16.69116
78	8	-3.52379
80	8	-21.264769
82	8	-31.578835
84	8	-29.919926
86	8	-27.8437
88	8	-30.014868
90	8	-34.589603
92	8	-34.750489
94	8	-28.875524
96	8	-17.25518
98	8	-9.557525
100	8	-5.624782
102	8	4.400881
104	8	17.72262
106	8	30.627733
108	8	45.330003
110	8	51.458295
112	8	55.005378
114	8	53.497216
116	8	43.591046
118	8	34.810034
120	8	19.648635
122	8	-1.957267
124	8	-24.260941
126	8	-48.465512
128	8	-65.890926
130	8	-67.416434
132	8	-63.917476
134	8	-59.832064
136	8	-52.475298
138	8	-44.328291
140	8	-37.065907
142	8	-30.945916
144	8	-28.30613
146	8	-27.858559
148	8	-25.917892
150	8	-21.720505
152	8	-16.14975
154	8	-11.186035
156	8	-8.330017
158	8	-14.642151
160	8	-29.826843
162	8	-44.51474
164	8	-55.91919
166	8	-65.396729
168	8	-69.489563
170	8	-65.435913
172	8	-48.387817
174	8	-20.0766
176	8	-7.794403
178	8	1.774475
180	8	11.453644
182	8	16.552735
184	8	19.651886
186	8	21.505005
188	8	19.956024
190	8	15.270996
192	8	9.870117
194	8	1.813797
196	8	-4.20813
198	8	-8.20768
200	8	-11.528675
202	8	-10.512636
204	8	-2.968834
206	8	-19.927127
0	9	28.235642
2	9	46.215576
4	9	50.101318
6	9	42.280762
8	9	28.157654
10	9	12.78479
12	9	2.168091
14	9	-0.849549
16	9	-3.819915
18	9	-4.527039
20	9	1.416198
22	9	9.642578
24	9	14.677734
26	9	18.11679
28	9	16.922058
30	9	11.248657
32	9	2.034912
34	9	-6.57016
36	9	-14.35083
38	9	-24.70639
40	9	-34.358277
42	9	-37.21756
44	9	-32.792419
46	9	-24.785889
48	9	-9.954315
50	9	13.528306
52	9	44.44104
54	9	81.326069
56	9	100.195072
58	9	107.223308
60	9	106.8098
62	9	90.589554
64	9	69.057392
66	9	46.95457
68	9	32.737718
70	9	25.70124
72	9	25.477367
74	9	29.775684
76	9	20.588844
78	9	4.236107
80	9	-15.049626
82	9	-26.259308
84	9	-30.122349
86	9	-28.576485
88	9	-24.403991
90	9	-25.305214
92	9	-25.612322
94	9	-21.749194
96	9	-14.437062
98	9	-8.163027
100	9	-2.047818
102	9	9.428916
104	9	22.584443
106	9	35.601249
108	9	53.874012
110	9	66.903942
112	9	73.858986
114	9	70.950083
116	9	61.881108
118	9	48.006865
120	9	27.11351
122	9	0.249793
124	9	-23.931129
126	9	-46.122787
128	9	-60.659004
130	9	-64.053419
132	9	-63.051012
134	9	-60.131153
136	9	-57.146687
138	9	-52.856296
140	9	-48.239289
142	9	-43.665947
144	9	-41.366021
146	9	-40.381028
148	9	-38.673706
150	9	-37.55275
152	9	-33.141617
154	9	-26.885132
156	9	-22.797302
158	9	-27.095245
160	9	-38.225158
162	9	-50.405335
164	9	-60.687134
166	9	-69.886261
168	9	-70.371155
170	9	-57.095764
172	9	-33.817841
174	9	-12.575531
176	9	-2.470398
178	9	4.785492
180	9	11.73993
182	9	14.094971
184	9	16.627808
186	9	18.267731
188	9	14.640167
190	9	7.907562
192	9	4.27568
194	9	-1.110657
196	9	-5.128571
198	9	-5.336632
200	9	-5.385166
202	9	-3.788441
204	9	0.953753
206	9	-12.743253
0	10	22.463318
2	10	36.225921
4	10	37.829773
6	10	29.632019
8	10	16.440979
10	10	2.508087
12	10	-7.071563
14	10	-8.114166
16	10	-9.222107
18	10	-9.706909
20	10	-6.254486
22	10	-0.126099
24	10	2.402283
26	10	3.209534
28	10	0.506134
30	10	-4.474061
32	10	-12.750518
34	10	-20.520508
36	10	-27.100189
38	10	-31.975067
40	10	-36.152771
42	10	-35.971527
44	10	-29.912385
46	10	-17.53955
48	10	2.71785
50	10	31.468933
52	10	67.478091
54	10	98.950122
56	10	104.250404
58	10	94.60099
60	10	81.281013
62	10	60.758339
64	10	44.949119
66	10	34.630593
68	10	27.531562
70	10	24.752033
72	10	24.828947
74	10	26.920341
76	10	18.905594
78	10	5.421234
80	10	-8.921577
82	10	-19.332424
84	10	-25.149433
86	10	-22.967884
88	10	-19.573284
90	10	-20.443088
92	10	-19.874808
94	10	-16.799301
96	10	-14.141646
98	10	-10.475869
100	10	-2.252071
102	10	11.014647
104	10	25.863824
106	10	40.112188
108	10	59.502621
110	10	78.499482
112	10	87.645008
114	10	83.849905
116	10	73.313523
118	10	59.924718
120	10	37.901653
122	10	5.035969
124	10	-25.681631
126	10	-50.018473
128	10	-63.196257
130	10	-64.751532
132	10	-64.940069
134	10	-63.284428
136	10	-62.44391
138	10	-60.978615
140	10	-58.169994
142	10	-54.869415
144	10	-52.152237
146	10	-49.697129
148	10	-48.171234
150	10	-47.925522
152	10	-44.096039
154	10	-40.438202
156	10	-40.458649
158	10	-48.074829
160	10	-60.007599
162	10	-70.915314
164	10	-76.230377
166	10	-75.388305
168	10	-65.903443
170	10	-45.75061
172	10	-22.885254
174	10	-5.675201
176	10	2.040863
178	10	6.350373
180	10	9.472107
182	10	9.994629
184	10	10.508271
186	10	11.578613
188	10	11.317261
190	10	8.050141
192	10	4.559708
194	10	0.265702
196	10	-2.654251
198	10	-1.635452
200	10	0.583153
202	10	2.455475
204	10	7.326214
206	10	-3.84049
0	11	15.377838
2	11	23.380722
4	11	22.85257
6	11	14.380371
8	11	1.690155
10	11	-10.832489
12	11	-18.539368
14	11	-17.22287
16	11	-16.279663
18	11	-17.158996
20	11	-15.216095
22	11	-11.785034
24	11	-9.777496
26	11	-10.896821
28	11	-14.525787
30	11	-19.46756
32	11	-27.058319
34	11	-33.871582
36	11	-38.165375
38	11	-37.814209
40	11	-35.84964
42	11	-32.320587
44	11	-24.726165
46	11	-8.241287
48	11	17.716629
50	11	52.492216
52	11	88.175598
54	11	110.660885
56	11	104.966904
58	11	85.465042
60	11	62.139206
62	11	41.644119
64	11	32.047325
66	11	27.799438
68	11	22.919567
70	11	25.385014
72	11	27.953652
74	11	26.114163
76	11	14.537094
78	11	6.02137
80	11	-3.926174
82	11	-14.07412
84	11	-18.111953
86	11	-16.368545
88	11	-14.493488
90	11	-14.205643
92	11	-11.604077
94	11	-8.07773
96	11	-5.816429
98	11	-2.565594
100	11	2.799224
102	11	13.712262
104	11	27.064813
106	11	41.727653
108	11	61.920206
110	11	83.959293
112	11	94.184906
114	11	90.989486
116	11	81.702529
118	11	67.295669
120	11	42.412977
122	11	8.342499
124	11	-24.139569
126	11	-46.825496
128	11	-53.106007
130	11	-52.049804
132	11	-50.388249
134	11	-48.970539
136	11	-50.741226
138	11	-52.999859
140	11	-54.260849
142	11	-53.910263
144	11	-52.164673
146	11	-49.415253
148	11	-47.155442
150	11	-45.939895
152	11	-45.383377
154	11	-46.092163
156	11	-48.935486
158	11	-55.616638
160	11	-63.628571
162	11	-69.642059
164	11	-71.314911
166	11	-66.663391
168	11	-53.439026
170	11	-31.840515
172	11	-11.289215
174	11	0.147735
176	11	3.468567
178	11	3.565369
180	11	3.659577
182	11	5.402161
184	11	9.034424
186	11	11.897003
188	11	12.724366
190	11	10.011154
192	11	4.505982
194	11	-1.444153
196	11	-3.653458
198	11	-2.014458
200	11	2.073662
202	11	5.325332
204	11	12.229042
206	11	3.462329
0	12	6.57225
2	12	8.977753
4	12	5.784363
6	12	-2.970764
8	12	-14.686798
10	12	-26.122345
12	12	-32.402069
14	12	-27.909424
16	12	-23.994416
18	12	-24.515106
20	12	-24.054016
22	12	-22.29071
24	12	-20.677857
26	12	-22.233368
28	12	-25.996978
30	12	-31.001007
32	12	-37.281281
34	12	-42.920562
36	12	-44.694001
38	12	-40.901031
40	12	-34.809295
42	12	-27.546692
44	12	-16.461365
46	12	1.733109
48	12	32.660392
50	12	67.706333
52	12	98.405178
54	12	111.47409
56	12	104.314148
58	12	76.937424
60	12	43.967865
62	12	26.682602
64	12	22.353913
66	12	20.428718
68	12	19.585632
70	12	25.355316
72	12	29.621933
74	12	26.077496
76	12	15.199291
78	12	7.040668
80	12	-3.382031
82	12	-11.553478
84	12	-13.721359
86	12	-13.224953
88	12	-11.806339
90	12	-10.018654
92	12	-7.067303
94	12	-3.227242
96	12	-0.111273
98	12	4.747446
100	12	11.317785
102	12	20.754404
104	12	32.820654
106	12	47.951936
108	12	68.591098
110	12	90.051857
112	12	101.865688
114	12	100.422928
116	12	89.062518
118	12	70.594655
120	12	44.636641
122	12	11.459995
124	12	-18.67062
126	12	-36.750622
128	12	-40.366779
130	12	-39.051479
132	12	-37.601769
134	12	-35.177558
136	12	-34.918693
138	12	-37.571587
140	12	-40.929108
142	12	-42.72818
144	12	-43.158623
146	12	-42.489517
148	12	-41.292343
150	12	-41.19751
152	12	-42.932572
154	12	-44.753448
156	12	-47.82254
158	12	-52.65213
160	12	-56.325958
162	12	-59.052033
164	12	-58.727387
166	12	-52.991943
168	12	-39.347931
170	12	-20.317108
172	12	-5.328857
174	12	1.121216
176	12	3.984375
178	12	4.128845
180	12	4.516175
182	12	6.764587
184	12	10.101868
186	12	12.708771
188	12	12.882996
190	12	10.307755
192	12	4.789001
194	12	-1.924942
196	12	-4.569764
198	12	-3.198548
200	12	1.060658
202	12	5.70295
204	12	14.601816
206	12	7.62925
0	13	-2.42035
2	13	-5.453125
4	13	-11.74234
6	13	-20.266175
8	13	-30.533142
10	13	-41.348907
12	13	-46.659118
14	13	-39.861511
16	13	-33.995239
18	13	-32.118438
20	13	-31.898896
22	13	-30.975158
24	13	-29.792022
26	13	-31.156037
28	13	-34.227752
30	13	-38.76001
32	13	-43.310058
34	13	-46.964386
36	13	-46.899841
38	13	-41.948151
40	13	-33.862976
42	13	-23.386688
44	13	-9.280975
46	13	10.557846
48	13	41.497498
50	13	74.161186
52	13	99.050369
54	13	110.441223
56	13	100.951889
58	13	63.52858
60	13	29.085251
62	13	17.617706
64	13	15.840195
66	13	16.297516
68	13	20.289017
70	13	25.443992
72	13	30.234997
74	13	27.439525
76	13	18.495498
78	13	8.536575
80	13	-1.39246
82	13	-6.712429
84	13	-9.312409
86	13	-10.516819
88	13	-10.074199
90	13	-9.426041
92	13	-7.074192
94	13	-2.897911
96	13	-0.258537
98	13	4.033469
100	13	11.28651
102	13	22.05096
104	13	36.417412
106	13	54.106204
108	13	75.311143
110	13	97.88914
112	13	112.060607
114	13	108.350898
116	13	93.814449
118	13	74.994164
120	13	49.449824
122	13	17.963207
124	13	-8.840569
126	13	-22.624237
128	13	-25.875923
130	13	-25.274063
132	13	-23.282363
134	13	-19.135834
136	13	-17.156029
138	13	-19.654098
140	13	-23.104072
142	13	-26.015076
144	13	-28.650825
146	13	-29.333984
148	13	-29.20845
150	13	-30.174027
152	13	-31.825684
154	13	-33.776977
156	13	-38.051208
158	13	-42.544373
160	13	-44.95517
162	13	-46.327271
164	13	-45.440125
166	13	-40.486603
168	13	-29.869019
170	13	-15.028808
172	13	-2.554138
174	13	4.145539
176	13	6.652923
178	13	6.651001
180	13	6.3591
182	13	7.854309
184	13	10.043945
186	13	12.158539
188	13	12.680374
190	13	10.688461
192	13	5.605774
194	13	-1.084381
196	13	-4.180008
198	13	-3.381469
200	13	0.129021
202	13	5.591156
204	13	15.93321
206	13	9.976798
0	14	-10.79863
2	14	-18.82753
4	14	-28.600251
6	14	-37.467987
8	14	-46.679138
10	14	-56.61206
12	14	-60.572235
14	14	-51.994568
16	14	-45.100617
18	14	-41.105347
20	14	-40.723053
22	14	-40.48999
24	14	-38.392548
26	14	-38.885834
28	14	-41.102356
30	14	-44.696778
32	14	-48.052704
34	14	-50.07843
36	14	-47.46222
38	14	-41.105148
40	14	-31.84996
42	14	-19.998794
44	14	-3.951736
46	14	15.277542
48	14	42.831746
50	14	76.38757
52	14	101.902298
54	14	109.268219
56	14	90.672699
58	14	48.374496
60	14	18.53743
62	14	11.609161
64	14	14.623566
66	14	18.923172
68	14	25.303367
70	14	27.478573
72	14	30.28331
74	14	29.684337
76	14	22.954422
78	14	14.740894
80	14	7.089188
82	14	2.174721
84	14	-1.364456
86	14	-3.007721
88	14	-3.883785
90	14	-3.94973
92	14	-1.622528
94	14	1.849423
96	14	4.112053
98	14	6.909294
100	14	12.690947
102	14	22.347398
104	14	35.551855
106	14	53.440421
108	14	77.284077
110	14	101.013218
112	14	113.092633
114	14	106.397845
116	14	91.037771
118	14	72.841568
120	14	47.849827
122	14	18.073799
124	14	-4.95961
126	14	-16.154396
128	14	-20.270538
130	14	-21.562981
132	14	-20.410279
134	14	-15.869918
136	14	-13.061424
138	14	-14.228935
140	14	-16.224227
142	14	-17.769233
144	14	-18.754197
146	14	-18.910263
148	14	-19.782013
150	14	-21.369675
152	14	-23.768982
154	14	-27.608887
156	14	-33.929474
158	14	-38.910675
160	14	-41.045807
162	14	-41.426819
164	14	-39.556976
166	14	-34.485565
168	14	-24.351288
170	14	-9.533722
172	14	1.580291
174	14	6.486756
176	14	7.876953
178	14	7.625367
180	14	6.691071
182	14	7.361786
184	14	9.429108
186	14	12.094849
188	14	12.47435
190	14	10.688874
192	14	6.171203
194	14	0.073471
196	14	-2.710419
198	14	-1.652969
200	14	1.284706
202	14	6.216049
204	14	16.62624
206	14	11.007599
0	15	-18.555137
2	15	-30.937347
4	15	-42.469757
6	15	-52.033844
8	15	-60.376099
10	15	-69.321594
12	15	-72.452972
14	15	-64.063507
16	15	-56.594543
18	15	-52.067657
20	15	-52.108918
22	15	-52.359436
24	15	-49.505127
26	15	-47.992859
28	15	-48.62204
30	15	-50.844269
32	15	-53.342254
34	15	-54.315216
36	15	-49.353805
38	15	-39.703369
40	15	-26.674484
42	15	-12.778733
44	15	2.987198
46	15	19.94049
48	15	42.835119
50	15	76.516346
52	15	100.948715
54	15	101.432389
56	15	74.68164
58	15	34.107452
60	15	11.137787
62	15	7.866394
64	15	13.577301
66	15	21.643295
68	15	28.741623
70	15	30.756592
72	15	30.184979
74	15	29.063041
76	15	23.818901
78	15	16.315376
80	15	8.978286
82	15	4.465828
84	15	2.531365
86	15	1.59671
88	15	0.667572
90	15	-0.541229
92	15	0.6203
94	15	3.147541
96	15	5.329201
98	15	8.194538
100	15	13.471573
102	15	22.020956
104	15	35.406807
106	15	55.464768
108	15	79.37401
110	15	101.651262
112	15	111.489865
114	15	103.801905
116	15	87.876991
118	15	69.617382
120	15	45.424111
122	15	17.171714
124	15	-3.585793
126	15	-12.253121
128	15	-16.719345
130	15	-19.434257
132	15	-19.661026
134	15	-16.330421
136	15	-13.974167
138	15	-15.161591
140	15	-16.968888
142	15	-17.913467
144	15	-18.554535
146	15	-18.804566
148	15	-19.232803
150	15	-19.863938
152	15	-20.92627
154	15	-23.43042
156	15	-27.695435
158	15	-31.081757
160	15	-32.330353
162	15	-32.10556
164	15	-29.927521
166	15	-24.936066
168	15	-15.714753
170	15	-3.623535
172	15	4.649291
174	15	7.497955
176	15	7.247222
178	15	6.231506
180	15	5.205597
182	15	6.864746
184	15	9.207916
186	15	12.032654
188	15	12.69928
190	15	10.79129
192	15	6.42569
194	15	0.896897
196	15	-1.511887
198	15	-0.295631
200	15	2.963238
202	15	7.035736
204	15	16.325384
206	15	11.266906
0	16	-24.550881
2	16	-39.422547
4	16	-51.49089
6	16	-62.215332
8	16	-71.187988
10	16	-80.087585
12	16	-82.832733
14	16	-74.862701
16	16	-67.248474
18	16	-62.530609
20	16	-62.470551
22	16	-63.170594
24	16	-60.546508
26	16	-57.881592
28	16	-56.807678
30	16	-57.821716
32	16	-58.654709
34	16	-57.333969
36	16	-50.828903
38	16	-38.802231
40	16	-22.649139
42	16	-6.623932
44	16	6.472671
46	16	19.311569
48	16	38.316801
50	16	67.852669
52	16	86.690201
54	16	83.642517
56	16	57.539856
58	16	22.274948
60	16	5.127991
62	16	5.167664
64	16	12.23703
66	16	22.15583
68	16	30.33947
70	16	32.312024
72	16	28.427551
74	16	26.093803
76	16	22.157657
78	16	14.699387
80	16	6.968826
82	16	2.810966
84	16	1.287582
86	16	1.803086
88	16	0.754967
90	16	-0.840382
92	16	-0.360565
94	16	1.426227
96	16	3.531498
98	16	7.323074
100	16	14.436726
102	16	24.902418
104	16	39.57134
106	16	58.088101
108	16	78.655227
110	16	99.060084
112	16	108.312019
114	16	100.503523
116	16	84.451485
118	16	65.655346
120	16	41.70803
122	16	14.738502
124	16	-3.990731
126	16	-11.08828
128	16	-14.864128
130	16	-18.916221
132	16	-21.654083
134	16	-20.34407
136	16	-18.71865
138	16	-19.769425
140	16	-20.629715
142	16	-20.0205
144	16	-19.62146
146	16	-18.772628
148	16	-17.674774
150	16	-17.17128
152	16	-17.595962
154	16	-19.200256
156	16	-21.887543
158	16	-24.331849
160	16	-24.892273
162	16	-24.01648
164	16	-21.715576
166	16	-16.819794
168	16	-8.795075
170	16	0.583771
172	16	5.818543
174	16	6.707245
176	16	6.310242
178	16	5.557312
180	16	4.704376
182	16	6.443939
184	16	9.174194
186	16	12.218994
188	16	12.772598
190	16	10.516556
192	16	6.22261
194	16	1.038041
196	16	-0.954682
198	16	0.494186
200	16	4.044449
202	16	7.742638
204	16	16.318458
206	16	11.410313
0	17	-28.497482
2	17	-44.244964
4	17	-57.777923
6	17	-70.863068
8	17	-80.604309
10	17	-88.964447
12	17	-90.801879
14	17	-83.266845
16	17	-75.778931
18	17	-70.693451
20	17	-70.064605
22	17	-70.311341
24	17	-67.352845
26	17	-64.447601
28	17	-62.323577
30	17	-61.377014
32	17	-60.313049
34	17	-57.037506
36	17	-50.031601
38	17	-37.302261
40	17	-21.589996
42	17	-9.328171
44	17	0.03775
46	17	12.054039
48	17	29.363375
50	17	54.78778
52	17	71.906768
54	17	69.441818
56	17	45.729187
58	17	15.686233
60	17	0.32814
62	17	2.263886
64	17	10.520324
66	17	20.790352
68	17	30.297828
70	17	32.504467
72	17	27.401234
74	17	24.518749
76	17	21.314636
78	17	13.895279
80	17	5.14563
82	17	0.483002
84	17	-1.282402
86	17	-1.015473
88	17	-1.881867
90	17	-2.927483
92	17	-2.483528
94	17	-0.568168
96	17	1.716114
98	17	5.424118
100	17	13.104798
102	17	25.872059
104	17	40.771492
106	17	57.549401
108	17	76.479226
110	17	94.815496
112	17	103.229698
114	17	94.815159
116	17	78.515049
118	17	60.472103
120	17	38.099586
122	17	12.619515
124	17	-5.268746
126	17	-12.52639
128	17	-16.640152
130	17	-20.246666
132	17	-22.205223
134	17	-20.987954
136	17	-20.087433
138	17	-21.619118
140	17	-22.225891
142	17	-22.653259
144	17	-22.026978
146	17	-20.000718
148	17	-17.637314
150	17	-16.033356
152	17	-15.76651
154	17	-16.650482
156	17	-18.486709
158	17	-19.708069
160	17	-19.342316
162	17	-17.785004
164	17	-15.553192
166	17	-11.398773
168	17	-5.066559
170	17	2.101532
172	17	5.796112
174	17	6.660522
176	17	6.455841
178	17	5.756073
180	17	4.832855
182	17	6.530121
184	17	9.169586
186	17	11.932373
188	17	12.286133
190	17	9.927918
192	17	5.715576
194	17	0.766739
196	17	-0.960938
198	17	0.904435
200	17	5.093113
202	17	8.916628
204	17	16.464856
206	17	11.852617
0	18	-30.736222
2	18	-47.317337
4	18	-62.424942
6	18	-75.773742
8	18	-86.130462
10	18	-93.966431
12	18	-95.458267
14	18	-88.073806
16	18	-79.802627
18	18	-75.589081
20	18	-75.686096
22	18	-75.841797
24	18	-72.282745
26	18	-68.747101
28	18	-65.11908
30	18	-60.964187
32	18	-56.97319
34	18	-53.343506
36	18	-47.41507
38	18	-36.319564
40	18	-24.180923
42	18	-15.411316
44	18	-8.433144
46	18	3.726223
48	18	20.986332
50	18	44.09494
52	18	59.765335
54	18	57.763474
56	18	38.001999
58	18	13.131332
60	18	-1.71875
62	18	1.17955
64	18	9.39373
66	18	19.826957
68	18	29.49736
70	18	30.85688
72	18	25.886734
74	18	22.773933
76	18	19.818024
78	18	13.238876
80	18	5.213676
82	18	0.130181
84	18	-2.575455
86	18	-3.093925
88	18	-3.74804
90	18	-4.552574
92	18	-4.024666
94	18	-1.985848
96	18	0.704399
98	18	4.586258
100	18	12.96307
102	18	25.617206
104	18	39.757103
106	18	55.629139
108	18	73.614735
110	18	91.11335
112	18	99.393749
114	18	91.519524
116	18	75.327286
118	18	56.989578
120	18	34.849052
122	18	9.942169
124	18	-7.953552
126	18	-15.180465
128	18	-18.490722
130	18	-20.698486
132	18	-21.357551
134	18	-19.679603
136	18	-19.037201
138	18	-20.646431
140	18	-21.614327
142	18	-21.539536
144	18	-20.471115
146	18	-18.695785
148	18	-17.151932
150	18	-15.982788
152	18	-15.608704
154	18	-16.548599
156	18	-17.950592
158	18	-18.48642
160	18	-17.289887
162	18	-14.877716
164	18	-11.777557
166	18	-7.324616
168	18	-1.921814
170	18	3.440613
172	18	5.71164
174	18	6.229293
176	18	6.322281
178	18	5.819092
180	18	4.90091
182	18	6.481475
184	18	8.972763
186	18	11.463806
188	18	11.676148
190	18	9.310043
192	18	5.218308
194	18	0.474769
196	18	-1.087586
198	18	0.996956
200	18	5.491463
202	18	9.593542
204	18	16.939199
206	18	12.281943
0	19	-31.747093
2	19	-49.221741
4	19	-64.073272
6	19	-76.659714
8	19	-86.966675
10	19	-94.696778
12	19	-96.177872
14	19	-89.26947
16	19	-80.282761
18	19	-76.715683
20	19	-77.060959
22	19	-77.658661
24	19	-74.122131
26	19	-70.253326
28	19	-66.168808
30	19	-60.29895
32	19	-54.444489
34	19	-50.985
36	19	-46.668884
38	19	-37.142059
40	19	-26.664199
42	19	-19.959778
44	19	-12.671989
46	19	-0.815798
48	19	14.784773
50	19	35.594727
52	19	50.672562
54	19	49.890809
56	19	34.606979
58	19	11.437408
60	19	-2.874069
62	19	0.240219
64	19	8.479523
66	19	19.26876
68	19	28.102181
70	19	28.353851
72	19	23.849823
74	19	20.833763
76	19	17.832589
78	19	12.141731
80	19	5.352082
82	19	0.406013
84	19	-2.772858
86	19	-3.949196
88	19	-4.883598
90	19	-5.717071
92	19	-5.112137
94	19	-2.740028
96	19	0.256813
98	19	4.235458
100	19	12.718598
102	19	25.04311
104	19	38.321365
106	19	52.846508
108	19	69.718395
110	19	86.233768
112	19	93.997075
114	19	86.647572
116	19	71.735893
118	19	54.819378
120	19	34.023704
122	19	10.588936
124	19	-6.267143
126	19	-12.944282
128	19	-15.885933
130	19	-17.97496
132	19	-18.942925
134	19	-17.905594
136	19	-17.853698
138	19	-20.01667
140	19	-21.403694
142	19	-20.872795
144	19	-19.267456
146	19	-17.604538
148	19	-16.164734
150	19	-14.926911
152	19	-14.291245
154	19	-14.456451
156	19	-15.090164
158	19	-14.919037
160	19	-13.109863
162	19	-10.644501
164	19	-7.971984
166	19	-4.444732
168	19	-0.590729
170	19	3.374939
172	19	5.175919
174	19	5.908097
176	19	6.215927
178	19	5.809448
180	19	4.856292
182	19	6.34108
184	19	8.758346
186	19	11.019256
188	19	11.085388
190	19	8.718735
192	19	4.742614
194	19	0.236091
196	19	-1.162445
198	19	1.01033
200	19	5.5602
202	19	9.489552
204	19	17.055751
206	19	12.744638
0	20	-33.807518
2	20	-51.351746
4	20	-64.388947
6	20	-76.232925
8	20	-86.900894
10	20	-95.175721
12	20	-96.366607
14	20	-88.666168
16	20	-77.614228
18	20	-72.721878
20	20	-72.528915
22	20	-73.663025
24	20	-72.15184
26	20	-70.013535
28	20	-67.42897
30	20	-62.088883
32	20	-56.688095
34	20	-53.052704
36	20	-47.417434
38	20	-36.686814
40	20	-25.522995
42	20	-18.056999
44	20	-11.120171
46	20	-1.905275
48	20	10.519497
50	20	27.860359
52	20	41.303811
54	20	41.855118
56	20	28.843537
58	20	6.741409
60	20	-5.505783
62	20	-1.887817
64	20	6.989563
66	20	18.48632
68	20	26.644593
70	20	26.607201
72	20	22.557705
74	20	19.800492
76	20	16.654266
78	20	11.351937
80	20	5.346908
82	20	0.448769
84	20	-3.089996
86	20	-4.727112
88	20	-5.914879
90	20	-6.734398
92	20	-6.1894
94	20	-3.774945
96	20	-0.640136
98	20	3.266079
100	20	11.383179
102	20	23.151695
104	20	35.439788
106	20	48.879566
108	20	64.841339
110	20	80.641956
112	20	88.446914
114	20	81.873302
116	20	68.040024
118	20	52.250618
120	20	32.486595
122	20	10.208077
124	20	-5.671829
126	20	-11.804588
128	20	-14.552201
130	20	-16.722252
132	20	-18.030495
134	20	-17.513519
136	20	-17.817749
138	20	-20.280602
140	20	-21.928207
142	20	-21.481018
144	20	-19.800232
146	20	-18.006241
148	20	-16.253006
150	20	-14.71904
152	20	-13.8844
154	20	-13.870651
156	20	-14.135819
158	20	-13.465592
160	20	-11.32016
162	20	-8.956482
164	20	-6.734192
166	20	-3.779907
168	20	-0.448761
170	20	3.23352
172	20	4.855392
174	20	5.685837
176	20	6.079223
178	20	5.788269
180	20	4.781357
182	20	6.177368
184	20	8.505631
186	20	10.520539
188	20	10.408005
190	20	8.041183
192	20	4.228135
194	20	0.00016
196	20	-1.25048
198	20	0.976349
200	20	5.561833
202	20	9.438013
204	20	17.027248
206	20	13.298648
0	21	-35.828064
2	21	-51.823181
4	21	-64.265014
6	21	-77.038193
8	21	-88.922836
10	21	-97.412064
12	21	-98.260407
14	21	-90.28984
16	21	-78.394348
18	21	-72.655929
20	21	-72.420868
22	21	-74.097473
24	21	-73.305634
26	21	-71.842652
28	21	-69.951096
30	21	-65.065185
32	21	-58.212875
34	21	-52.101715
36	21	-43.879441
38	21	-32.297821
40	21	-21.162857
42	21	-13.737739
44	21	-7.301689
46	21	0.644087
48	21	10.253084
50	21	22.524758
52	21	31.487511
54	21	31.722641
56	21	21.454819
58	21	2.054977
60	21	-8.76622
62	21	-4.162567
64	21	5.997078
66	21	17.43129
68	21	24.7658
70	21	24.875328
72	21	21.569744
74	21	19.237454
76	21	16.045681
78	21	10.813118
80	21	5.07698
82	21	0.203567
84	21	-3.389549
86	21	-5.088379
88	21	-6.299743
90	21	-7.226071
92	21	-6.813392
94	21	-4.52243
96	21	-1.460476
98	21	2.280864
100	21	9.944821
102	21	21.037282
104	21	32.563889
106	21	45.352482
108	21	60.701709
110	21	75.908115
112	21	83.647122
114	21	77.552162
116	21	64.41563
118	21	49.420231
120	21	30.578216
122	21	9.303139
124	21	-5.76049
126	21	-11.371681
128	21	-13.743194
130	21	-15.749489
132	21	-17.10933
134	21	-16.827553
136	21	-17.267357
138	21	-19.70977
140	21	-21.403404
142	21	-21.125488
144	21	-19.630676
146	21	-17.985199
148	21	-16.34375
150	21	-14.940933
152	21	-14.143921
154	21	-14.0112
156	21	-13.977875
158	21	-13.058853
160	21	-10.798065
162	21	-8.460556
164	21	-6.407578
166	21	-3.798447
168	21	-0.622361
170	21	2.947968
172	21	4.407531
174	21	5.359954
176	21	5.836029
178	21	5.612961
180	21	4.57193
182	21	5.888214
184	21	8.263015
186	21	10.139663
188	21	9.985275
190	21	7.662247
192	21	3.946885
194	21	-0.114677
196	21	-1.269097
198	21	0.940258
200	21	5.567135
202	21	9.447188
204	21	17.156639
206	21	14.009058
0	22	-34.288094
2	22	-49.169754
4	22	-62.45607
6	22	-76.612503
8	22	-89.476883
10	22	-98.493973
12	22	-99.424164
14	22	-91.396073
16	22	-79.616912
18	22	-73.566848
20	22	-73.758285
22	22	-76.25888
24	22	-76.052291
26	22	-73.799195
28	22	-70.178161
30	22	-63.569443
32	22	-54.95819
34	22	-47.082245
36	22	-38.282807
38	22	-27.494797
40	22	-17.294494
42	22	-10.207084
44	22	-3.786644
46	22	2.899311
48	22	9.558256
50	22	17.831547
52	22	23.17659
54	22	22.628159
56	22	13.8302
58	22	-3.027008
60	22	-11.626191
62	22	-5.744644
64	22	4.787384
66	22	15.600372
68	22	22.611626
70	22	22.912056
72	22	20.394859
74	22	18.478199
76	22	15.363549
78	22	10.366512
80	22	4.986629
82	22	0.23935
84	22	-3.302914
86	22	-4.914688
88	22	-6.052769
90	22	-7.011189
92	22	-6.740517
94	22	-4.631851
96	22	-1.688884
98	22	1.89999
100	22	9.153648
102	22	19.571018
104	22	30.358936
106	22	42.478763
108	22	57.145531
110	22	71.643811
112	22	79.052628
114	22	73.301186
116	22	60.931637
118	22	46.845825
120	22	29.091889
122	22	8.854462
124	22	-5.571891
126	22	-10.908035
128	22	-13.005722
130	22	-14.724144
132	22	-16.006066
134	22	-15.778641
136	22	-16.244057
138	22	-18.617759
140	22	-20.288948
142	22	-20.138679
144	22	-18.880692
146	22	-17.525467
148	22	-16.248505
150	22	-15.185089
152	22	-14.41362
154	22	-14.004609
156	22	-13.727265
158	22	-12.716126
160	22	-10.448105
162	22	-8.112335
164	22	-6.079728
166	22	-3.616394
168	22	-0.488662
170	22	2.968307
172	22	4.334916
174	22	5.328293
176	22	5.758102
178	22	5.487824
180	22	4.351257
182	22	5.65123
184	22	8.117203
186	22	9.933579
188	22	9.745102
190	22	7.461197
192	22	3.821511
194	22	-0.118057
196	22	-1.237411
198	22	0.940159
200	22	5.529476
202	22	9.211634
204	22	16.958939
206	22	14.020889
0	23	-31.256188
2	23	-46.331802
4	23	-60.524506
6	23	-75.389237
8	23	-89.019272
10	23	-98.46994
12	23	-99.452469
14	23	-91.263885
16	23	-78.737183
18	23	-71.150101
20	23	-70.548371
22	23	-72.955673
24	23	-73.217682
26	23	-71.164795
28	23	-67.289795
30	23	-60.468155
32	23	-51.950256
34	23	-44.567765
36	23	-36.558335
38	23	-26.509903
40	23	-16.927665
42	23	-10.373192
44	23	-4.814972
46	23	0.525799
48	23	5.500199
50	23	12.106347
52	23	16.574326
54	23	16.011154
56	23	7.665207
58	23	-7.988617
60	23	-15.301864
62	23	-8.348777
64	23	2.916359
66	23	13.747581
68	23	20.668495
70	23	21.25457
72	23	19.242519
74	23	17.646228
76	23	14.757
78	23	10.105041
80	23	5.088413
82	23	0.50526
84	23	-3.021553
86	23	-4.647182
88	23	-5.788959
90	23	-6.75597
92	23	-6.598957
94	23	-4.666946
96	23	-1.868999
98	23	1.537159
100	23	8.419346
102	23	18.278736
104	23	28.45034
106	23	39.959503
108	23	53.979607
110	23	67.830059
112	23	74.907746
114	23	69.475163
116	23	57.757237
118	23	44.37598
120	23	27.510631
122	23	8.212234
124	23	-5.599922
126	23	-10.701348
128	23	-12.602433
130	23	-14.095085
132	23	-15.224258
134	23	-14.913978
136	23	-15.308609
138	23	-17.598007
140	23	-19.207107
142	23	-19.02906
144	23	-17.79657
146	23	-16.531792
148	23	-15.440156
150	23	-14.57605
152	23	-13.909256
154	23	-13.347992
156	23	-12.826721
158	23	-11.680572
160	23	-9.391174
162	23	-7.122833
164	23	-5.217728
166	23	-2.967316
168	23	-0.100494
170	23	3.09584
172	23	4.261535
174	23	5.200821
176	23	5.629212
178	23	5.33496
180	23	4.099533
182	23	5.436615
184	23	7.946625
186	23	9.725738
188	23	9.505264
190	23	7.260285
192	23	3.692001
194	23	-0.153678
196	23	-1.25621
198	23	0.89302
200	23	5.401352
202	23	8.753037
204	23	16.162713
206	23	13.862649
0	24	-28.061478
2	24	-42.961899
4	24	-57.337997
6	24	-72.780807
8	24	-87.015335
10	24	-96.714325
12	24	-97.610199
14	24	-89.169068
16	24	-76.042587
18	24	-67.452408
20	24	-66.044907
22	24	-68.080337
24	24	-68.601684
26	24	-67.153763
28	24	-63.899552
30	24	-57.623459
32	24	-49.556839
34	24	-42.61621
36	24	-35.104873
38	24	-25.574554
40	24	-16.441063
42	24	-10.202042
44	24	-5.079819
46	24	-0.373697
48	24	3.851885
50	24	9.647171
52	24	13.485474
54	24	12.599815
56	24	4.392471
58	24	-10.501374
60	24	-16.939698
62	24	-9.541412
64	24	1.881714
66	24	12.584274
68	24	19.375427
70	24	20.153068
72	24	18.349838
74	24	16.848423
76	24	14.111931
78	24	9.717178
80	24	4.993938
82	24	0.628693
84	24	-2.80878
86	24	-4.41373
88	24	-5.525341
90	24	-6.46685
92	24	-6.37384
94	24	-4.571415
96	24	-1.934357
98	24	1.269352
100	24	7.790554
102	24	17.163101
104	24	26.827946
106	24	37.767788
108	24	51.156849
110	24	64.394867
112	24	71.159145
114	24	66.00821
116	24	54.862392
118	24	42.129231
120	24	26.093975
122	24	7.732102
124	24	-5.462356
126	24	-10.36763
128	24	-12.157597
130	24	-13.53651
132	24	-14.602684
134	24	-14.295997
136	24	-14.669677
138	24	-16.892631
140	24	-18.448044
142	24	-18.208703
144	24	-16.926018
146	24	-15.636734
148	24	-14.56015
150	24	-13.742859
152	24	-13.119736
154	24	-12.519425
156	24	-11.911545
158	24	-10.715576
160	24	-8.456009
162	24	-6.30246
164	24	-4.529892
166	24	-2.446472
168	24	0.186966
170	24	3.169037
172	24	4.179337
174	24	5.017853
176	24	5.404038
178	24	5.082123
180	24	3.799149
182	24	5.177978
184	24	7.665695
186	24	9.427582
188	24	9.222275
190	24	7.023987
192	24	3.524147
194	24	-0.229431
196	24	-1.285049
198	24	0.838565
200	24	5.105976
202	24	8.099802
204	24	15.097663
206	24	13.881213
0	25	-26.570953
2	25	-41.092072
4	25	-55.189789
6	25	-70.454087
8	25	-84.500778
10	25	-94.013749
12	25	-94.818893
14	25	-86.439713
16	25	-73.420838
18	25	-64.77533
20	25	-63.188706
22	25	-65.091324
24	25	-65.690644
26	25	-64.466553
28	25	-61.50885
30	25	-55.562973
32	25	-47.787033
34	25	-41.030915
36	25	-33.730957
38	25	-24.521256
40	25	-15.709549
42	25	-9.676506
44	25	-4.757866
46	25	-0.304453
48	25	3.634029
50	25	9.035466
52	25	12.528671
54	25	11.523003
56	25	3.580933
58	25	-10.629303
60	25	-16.636147
62	25	-9.406837
64	25	1.622673
66	25	11.916614
68	25	18.442638
70	25	19.216774
72	25	17.495453
74	25	16.046013
76	25	13.439984
78	25	9.268433
80	25	4.793152
82	25	0.642715
84	25	-2.649521
86	25	-4.183819
88	25	-5.240044
90	25	-6.14291
92	25	-6.075664
94	25	-4.377617
96	25	-1.888633
98	25	1.143082
100	25	7.330944
102	25	16.233017
104	25	25.416317
106	25	35.81366
108	25	48.567973
110	25	61.184426
112	25	67.622811
114	25	62.708683
116	25	52.085697
118	25	39.970798
120	25	24.741181
122	25	7.303718
124	25	-5.248368
126	25	-9.940643
128	25	-11.655755
130	25	-12.964928
132	25	-13.977078
134	25	-13.690631
136	25	-14.053696
138	25	-16.174355
140	25	-17.642388
142	25	-17.364319
144	25	-16.079178
146	25	-14.792816
148	25	-13.720932
150	25	-12.915604
152	25	-12.304337
154	25	-11.70842
156	25	-11.097733
158	25	-9.93132
160	25	-7.77124
162	25	-5.735855
164	25	-4.071655
166	25	-2.128875
168	25	0.324997
170	25	3.144913
172	25	4.096573
174	25	4.86702
176	25	5.193085
178	25	4.851028
180	25	3.593948
182	25	4.952469
184	25	7.37323
186	25	9.106095
188	25	8.928726
190	25	6.796905
192	25	3.384621
194	25	-0.264626
196	25	-1.274476
198	25	0.805095
200	25	4.863255
202	25	7.624861
204	25	14.37571
206	25	13.925786
