0	1	59.674031
2	1	66.725412
4	1	84.178955
6	1	86.835816
8	1	87.508148
10	1	87.136528
12	1	84.277649
14	1	80.978325
16	1	81.674988
18	1	90.896682
20	1	108.002838
22	1	124.651093
24	1	140.702149
26	1	152.210693
28	1	149.720901
30	1	134.818497
32	1	114.482651
34	1	102.580017
36	1	98.982498
38	1	85.704132
40	1	62.425537
42	1	37.126465
44	1	19.155091
46	1	3.618133
48	1	-6.610474
50	1	-11.367569
52	1	-16.332444
54	1	-32.546105
56	1	-57.474675
58	1	-81.97987
60	1	-102.651863
62	1	-123.3181
64	1	-149.198735
66	1	-179.715391
68	1	-209.585513
70	1	-232.307001
72	1	-235.283205
74	1	-224.507126
76	1	-208.132335
78	1	-188.377525
80	1	-160.152628
82	1	-121.348961
84	1	-88.305973
86	1	-62.095144
88	1	-23.29946
90	1	21.163552
92	1	55.467949
94	1	72.456222
96	1	76.095711
98	1	71.447739
100	1	68.197006
102	1	68.69217
104	1	73.553681
106	1	86.550782
108	1	100.532806
110	1	114.1017
112	1	127.452453
114	1	133.281402
116	1	125.645874
118	1	113.056977
120	1	108.551285
122	1	99.584075
124	1	77.567215
126	1	57.432678
128	1	46.338104
130	1	43.375641
132	1	45.479431
134	1	59.928192
136	1	61.273254
138	1	38.228485
140	1	22.774124
142	1	32.999749
144	1	57.256645
146	1	88.803352
148	1	130.511291
150	1	162.648346
152	1	173.999207
154	1	168.350037
156	1	159.26094
158	1	154.489914
160	1	156.218948
162	1	165.703095
164	1	187.493348
166	1	221.146362
168	1	263.126831
170	1	292.046631
172	1	293.1026
174	1	257.13324
176	1	224.149902
178	1	245.919189
180	1	279.251831
182	1	256.544678
184	1	173.158692
186	1	106.957275
188	1	94.642578
190	1	70.960327
192	1	51.001465
194	1	40.523926
196	1	29.28003
198	1	48.004395
200	1	137.524659
202	1	298.807373
204	1	447.402832
206	1	489.564454
208	1	419.063965
210	1	297.11377
212	1	198.442872
214	1	163.419677
216	1	168.814941
218	1	172.530029
220	1	172.168945
222	1	195.606689
224	1	261.476807
226	1	362.448975
228	1	472.537353
230	1	565.950928
232	1	624.397461
234	1	638.616944
236	1	611.799317
238	1	553.682495
240	1	472.868042
242	1	378.314575
244	1	278.069275
246	1	180.20874
248	1	90.768722
250	1	10.205544
252	1	-61.065277
254	1	-123.53479
256	1	-178.940308
258	1	-229.255859
260	1	-272.623779
262	1	-307.537109
264	1	-334.123779
266	1	-352.034424
268	1	-365.159668
270	1	-376.355224
272	1	-384.913085
274	1	-390.852539
276	1	-393.450684
278	1	-389.041992
280	1	-373.364258
282	1	-346.502929
284	1	-313.525147
286	1	-282.472168
288	1	-261.913331
290	1	-258.282226
292	1	-272.002198
294	1	-300.895142
296	1	-351.029785
298	1	-397.092834
300	1	-405.544129
302	1	-375.907959
304	1	-340.118774
306	1	-302.930786
308	1	-240.934997
310	1	-181.973267
312	1	-125.49115
314	1	-92.817016
316	1	-94.690552
318	1	-117.754883
320	1	-115.53064
322	1	-82.202606
324	1	-45.518433
326	1	-9.092896
328	1	20.838501
330	1	23.472138
332	1	1.838867
334	1	-12.238952
336	1	-12.239746
338	1	-10.875
340	1	-13.695923
342	1	-15.437027
0	2	56.437237
2	2	60.659748
4	2	88.38448
6	2	105.88543
8	2	120.550697
10	2	127.427727
12	2	125.807762
14	2	123.765289
16	2	129.598618
18	2	143.831803
20	2	166.122177
22	2	188.553177
24	2	212.172837
26	2	234.621414
28	2	240.839493
30	2	231.420639
32	2	214.2435
34	2	203.085754
36	2	196.114319
38	2	175.416076
40	2	145.959565
42	2	119.653076
44	2	99.021118
46	2	81.365021
48	2	69.978058
50	2	64.334045
52	2	54.206329
54	2	30.406952
56	2	-3.108856
58	2	-39.12606
60	2	-71.546337
62	2	-103.343025
64	2	-134.172054
66	2	-168.947392
68	2	-207.219282
70	2	-238.19535
72	2	-248.453457
74	2	-243.797804
76	2	-231.703669
78	2	-213.328531
80	2	-181.063383
82	2	-138.030678
84	2	-103.114677
86	2	-69.439799
88	2	-24.25287
90	2	25.799074
92	2	67.229088
94	2	87.732528
96	2	91.023697
98	2	88.172791
100	2	87.150681
102	2	87.383789
104	2	92.950378
106	2	111.541504
108	2	135.967499
110	2	157.642288
112	2	173.604752
114	2	179.871872
116	2	170.846023
118	2	150.662872
120	2	139.844864
122	2	123.90329
124	2	98.074768
126	2	70.833618
128	2	54.70874
130	2	54.029571
132	2	60.637024
134	2	81.234009
136	2	86.996811
138	2	58.928681
140	2	28.564514
142	2	30.80275
144	2	67.343307
146	2	116.793823
148	2	170.970871
150	2	202.26654
152	2	211.151627
154	2	217.598725
156	2	231.879303
158	2	238.554474
160	2	242.391449
162	2	256.590942
164	2	280.591735
166	2	315.323608
168	2	354.956909
170	2	373.055725
172	2	356.566406
174	2	321.32312
176	2	308.649414
178	2	338.927613
180	2	372.601685
182	2	351.403809
184	2	244.801147
186	2	129.445923
188	2	90.799439
190	2	75.163086
192	2	45.561645
194	2	21.443115
196	2	10.445312
198	2	40.755127
200	2	144.809571
202	2	315.185547
204	2	479.293213
206	2	553.836914
208	2	514.746582
210	2	406.864746
212	2	304.066162
214	2	250.6604
216	2	235.956055
218	2	228.594239
220	2	223.298828
222	2	240.89917
224	2	298.518066
226	2	389.868408
228	2	489.122314
230	2	570.228027
232	2	615.248535
234	2	615.652832
236	2	575.595215
238	2	505.228271
240	2	414.110473
242	2	311.283935
244	2	203.234314
246	2	97.97522
248	2	2.14267
250	2	-82.98021
252	2	-156.397644
254	2	-219.776672
256	2	-274.141724
258	2	-321.08313
260	2	-360.193116
262	2	-390.44043
264	2	-412.98999
266	2	-429.045899
268	2	-443.91748
270	2	-460.298828
272	2	-475.892578
274	2	-488.323242
276	2	-496.363282
278	2	-496.11377
280	2	-481.554688
282	2	-453.052246
284	2	-417.964355
286	2	-385.740723
288	2	-363.821289
290	2	-356.272705
292	2	-366.21167
294	2	-404.519531
296	2	-468.707276
298	2	-517.674072
300	2	-506.394776
302	2	-451.350037
304	2	-399.697754
306	2	-353.951904
308	2	-296.168212
310	2	-229.949097
312	2	-147.192505
314	2	-99.638305
316	2	-103.833618
318	2	-133.528381
320	2	-155.037597
322	2	-125.814148
324	2	-60.741943
326	2	1.278504
328	2	43.114563
330	2	43.63739
332	2	18.07312
334	2	0.420533
336	2	-2.245483
338	2	-2.313263
340	2	-8.691818
342	2	-15.33693
0	3	54.385648
2	3	53.352295
4	3	72.45958
6	3	90.524262
8	3	113.857498
10	3	129.693451
12	3	133.501816
14	3	134.298431
16	3	140.265793
18	3	153.337616
20	3	176.547135
22	3	202.942535
24	3	230.481857
26	3	256.090546
28	3	264.427795
30	3	263.057465
32	3	255.277313
34	3	247.267883
36	3	236.902527
38	3	211.279205
40	3	180.860718
42	3	153.247101
44	3	126.448639
46	3	106.278412
48	3	92.941528
50	3	81.185089
52	3	61.728913
54	3	32.874984
56	3	0.757126
58	3	-34.547684
60	3	-65.988647
62	3	-96.018545
64	3	-123.804508
66	3	-153.60585
68	3	-185.55701
70	3	-212.740873
72	3	-223.955842
74	3	-222.612833
76	3	-214.531174
78	3	-199.700223
80	3	-174.451299
82	3	-141.353554
84	3	-114.081125
86	3	-82.975928
88	3	-39.969777
90	3	10.04522
92	3	50.730964
94	3	73.806229
96	3	78.937332
98	3	75.577835
100	3	74.216903
102	3	74.449463
104	3	79.436615
106	3	94.917725
108	3	119.407898
110	3	141.742066
112	3	155.818909
114	3	158.469451
116	3	154.275299
118	3	138.243195
120	3	121.023315
122	3	101.198792
124	3	75.968994
126	3	54.595398
128	3	45.988373
130	3	51.165283
132	3	63.219116
134	3	82.712952
136	3	90.330536
138	3	60.785279
140	3	29.640946
142	3	33.176926
144	3	73.263367
146	3	126.911819
148	3	174.667724
150	3	199.034698
152	3	208.991135
154	3	224.564163
156	3	261.441376
158	3	298.907715
160	3	322.338531
162	3	340.604004
164	3	353.008179
166	3	370.81488
168	3	389.061706
170	3	385.06366
172	3	357.703247
174	3	335.972412
176	3	345.323853
178	3	391.647339
180	3	434.505859
182	3	435.285156
184	3	338.212891
186	3	183.294678
188	3	98.504639
190	3	87.734375
192	3	62.926514
194	3	18.759033
196	3	-3.535644
198	3	35.770508
200	3	153.857666
202	3	331.508301
204	3	509.738037
206	3	620.011719
208	3	624.821289
210	3	545.574218
212	3	442.560547
214	3	360.320801
216	3	307.910156
218	3	273.708008
220	3	255.217774
222	3	264.367187
224	3	311.724609
226	3	391.477539
228	3	480.406738
230	3	552.056397
232	3	588.702392
234	3	583.039795
236	3	538.897461
238	3	465.271241
240	3	372.343261
242	3	269.86438
244	3	163.865723
246	3	60.850342
248	3	-33.051071
250	3	-115.205872
252	3	-184.1698
254	3	-241.954102
256	3	-288.98877
258	3	-326.156006
260	3	-355.531494
262	3	-377.596679
264	3	-394.504151
266	3	-409.813476
268	3	-427.741211
270	3	-450.387695
272	3	-475.361328
274	3	-497.338378
276	3	-514.286621
278	3	-523.672852
280	3	-520.250977
282	3	-504.578125
284	3	-484.558105
286	3	-467.785156
288	3	-458.182129
290	3	-456.953125
292	3	-472.939697
294	3	-519.477539
296	3	-570.402832
298	3	-566.191772
300	3	-488.632568
302	3	-405.927246
304	3	-357.682007
306	3	-325.655152
308	3	-280.314087
310	3	-215.751587
312	3	-144.479614
314	3	-105.78357
316	3	-112.101074
318	3	-145.958496
320	3	-155.065674
322	3	-112.583557
324	3	-45.361206
326	3	8.805542
328	3	41.113526
330	3	43.118103
332	3	22.015259
334	3	6.962586
336	3	2.388215
338	3	-2.487396
340	3	-11.272888
342	3	-17.972229
0	4	53.056423
2	4	52.762421
4	4	68.490104
6	4	79.398743
8	4	99.060562
10	4	114.906509
12	4	123.260971
14	4	129.122863
16	4	135.536286
18	4	145.527741
20	4	164.610961
22	4	187.969604
24	4	210.871978
26	4	230.8768
28	4	235.825012
30	4	234.599366
32	4	230.184082
34	4	219.525177
36	4	200.567047
38	4	168.536651
40	4	139.027527
42	4	111.950897
44	4	87.116302
46	4	67.995666
48	4	56.35788
50	4	43.89624
52	4	24.799317
54	4	-0.371033
56	4	-31.324631
58	4	-64.19313
60	4	-93.116623
62	4	-118.662742
64	4	-143.148331
66	4	-170.628181
68	4	-196.431011
70	4	-216.804775
72	4	-227.164842
74	4	-227.838472
76	4	-222.585713
78	4	-208.749073
80	4	-184.931519
82	4	-155.829641
84	4	-129.138256
86	4	-100.273048
88	4	-60.198772
90	4	-10.226501
92	4	29.138916
94	4	49.695404
96	4	54.951721
98	4	52.079743
100	4	49.656525
102	4	50.83667
104	4	56.22879
106	4	69.985718
108	4	93.564911
110	4	115.712707
112	4	129.955048
114	4	132.737732
116	4	127.423156
118	4	114.137421
120	4	94.219086
122	4	74.986542
124	4	52.986816
126	4	39.201844
128	4	40.876282
130	4	53.99823
132	4	67.329681
134	4	82.268647
136	4	81.963196
138	4	50.875244
140	4	20.15181
142	4	24.009262
144	4	63.542252
146	4	119.966339
148	4	163.505646
150	4	179.430374
152	4	186.534988
154	4	199.949951
156	4	249.958038
158	4	315.605499
160	4	360.578369
162	4	384.584747
164	4	393.022644
166	4	392.989441
168	4	398.195191
170	4	388.907227
172	4	363.946777
174	4	350.357666
176	4	377.031372
178	4	435.45581
180	4	489.779053
182	4	511.200928
184	4	442.59375
186	4	268.360352
188	4	132.241211
190	4	118.859375
192	4	125.310547
194	4	76.021972
196	4	27.833984
198	4	61.241944
200	4	187.104004
202	4	365.561035
204	4	549.542969
206	4	693.020508
208	4	744.238282
210	4	695.07666
212	4	590.024415
214	4	473.472656
216	4	373.226562
218	4	299.728516
220	4	259.448242
222	4	258.402832
224	4	295.097656
226	4	361.068848
228	4	436.806153
230	4	496.752441
232	4	525.542481
234	4	517.391358
236	4	474.531006
238	4	404.014893
240	4	315.888916
242	4	219.89917
244	4	121.544555
246	4	26.406799
248	4	-61.516953
250	4	-138.896728
252	4	-201.219604
254	4	-250.743896
256	4	-287.860596
258	4	-313.014892
260	4	-331.001221
262	4	-344.771972
264	4	-358.089844
266	4	-376.296387
268	4	-401.909668
270	4	-435.266601
272	4	-471.17041
274	4	-501.791016
276	4	-525.549804
278	4	-541.192872
280	4	-545.370606
282	4	-540.61084
284	4	-534.307618
286	4	-529.946289
288	4	-528.694336
290	4	-534.539062
292	4	-562.101562
294	4	-606.877685
296	4	-616.252197
298	4	-540.980713
300	4	-423.563599
302	4	-340.522827
304	4	-305.520142
306	4	-288.586304
308	4	-255.848023
310	4	-200.740234
312	4	-143.907959
314	4	-98.898926
316	4	-103.36438
318	4	-131.970215
320	4	-119.024048
322	4	-70.366211
324	4	-25.354126
326	4	7.572571
328	4	25.491211
330	4	23.958374
332	4	6.142273
334	4	-1.737366
336	4	-4.494751
338	4	-8.297058
340	4	-13.721985
342	4	-17.407959
0	5	49.908031
2	5	50.901581
4	5	66.096146
6	5	73.764786
8	5	87.520675
10	5	98.061447
12	5	103.693344
14	5	108.282272
16	5	111.228669
18	5	114.963653
20	5	126.243317
22	5	141.883667
24	5	155.322937
26	5	162.292572
28	5	162.802521
30	5	162.332153
32	5	162.454071
34	5	159.550201
36	5	142.732818
38	5	112.198669
40	5	85.558045
42	5	61.125122
44	5	39.941803
46	5	24.393036
48	5	14.469971
50	5	5.443145
52	5	-8.723785
54	5	-29.741959
56	5	-56.222595
58	5	-83.942902
60	5	-111.708542
62	5	-133.219143
64	5	-152.369526
66	5	-172.423752
68	5	-192.833947
70	5	-212.918945
72	5	-228.356368
74	5	-235.17288
76	5	-233.121879
78	5	-220.954422
80	5	-198.887569
82	5	-174.342312
84	5	-151.12702
86	5	-124.501224
88	5	-84.649253
90	5	-34.218345
92	5	6.768417
94	5	28.872604
96	5	33.960113
98	5	30.976685
100	5	25.836639
102	5	27.117493
104	5	35.41925
106	5	46.78601
108	5	65.807952
110	5	86.867188
112	5	102.367981
114	5	107.406922
116	5	101.934112
118	5	90.595002
120	5	72.658875
122	5	55.368408
124	5	36.968017
126	5	28.862915
128	5	36.203766
130	5	50.706878
132	5	64.443756
134	5	78.214416
136	5	71.930725
138	5	43.72319
140	5	16.607773
142	5	18.541336
144	5	52.082711
146	5	104.95784
148	5	147.416931
150	5	161.042145
152	5	163.772323
154	5	179.840027
156	5	233.639007
158	5	309.115082
160	5	369.236724
162	5	389.747039
164	5	394.056091
166	5	390.082946
168	5	391.158997
170	5	384.67627
172	5	368.96753
174	5	365.685058
176	5	404.960205
178	5	470.738281
180	5	538.175293
182	5	572.862549
184	5	535.230957
186	5	366.661133
188	5	192.686524
190	5	159.034912
192	5	194.297608
194	5	154.358154
196	5	81.734131
198	5	112.540039
200	5	251.67334
202	5	427.151368
204	5	605.463379
206	5	774.334961
208	5	871.724609
210	5	846.812988
212	5	732.483399
214	5	581.049317
216	5	437.686523
218	5	327.312988
220	5	265.833008
222	5	255.485351
224	5	283.109375
226	5	336.790039
228	5	398.76416
230	5	445.970703
232	5	467.609864
234	5	458.119873
236	5	416.811035
238	5	350.001465
240	5	267.082031
242	5	178.026733
244	5	88.557007
246	5	2.012939
248	5	-79.36679
250	5	-152.460617
252	5	-209.022766
254	5	-253.10791
256	5	-282.129272
258	5	-296.845703
260	5	-305.395264
262	5	-314.321533
264	5	-327.784668
266	5	-351.807617
268	5	-388.241211
270	5	-434.894531
272	5	-481.535645
274	5	-518.727539
276	5	-547.126465
278	5	-565.934082
280	5	-573.430664
282	5	-574.557129
284	5	-574.137695
286	5	-570.805175
288	5	-567.713867
290	5	-577.009278
292	5	-610.138671
294	5	-632.715332
296	5	-587.066406
298	5	-470.785156
300	5	-359.56958
302	5	-297.093017
304	5	-274.85205
306	5	-262.528076
308	5	-228.776856
310	5	-192.596069
312	5	-145.246704
314	5	-106.630616
316	5	-113.965088
318	5	-123.443847
320	5	-83.903076
322	5	-43.526612
324	5	-17.049805
326	5	7.325439
328	5	15.907715
330	5	4.398682
332	5	-9.482178
334	5	-12.25
336	5	-12.384399
338	5	-11.480499
340	5	-12.946716
342	5	-15.993332
0	6	46.018818
2	6	47.169671
4	6	59.110458
6	6	65.918442
8	6	77.706344
10	6	83.371292
12	6	81.953048
14	6	81.203522
16	6	80.164551
18	6	76.298126
20	6	74.347626
22	6	77.927185
24	6	81.865814
26	6	81.62967
28	6	80.148438
30	6	81.856629
32	6	87.85794
34	6	92.07492
36	6	78.613617
38	6	52.686432
40	6	30.620331
42	6	13.24289
44	6	-0.333893
46	6	-9.788116
48	6	-19.859344
50	6	-26.149933
52	6	-34.903778
54	6	-51.329086
56	6	-72.488159
58	6	-96.051231
60	6	-121.265335
62	6	-140.032061
64	6	-153.688755
66	6	-166.181297
68	6	-179.571888
70	6	-198.003323
72	6	-217.627512
74	6	-228.334452
76	6	-228.099661
78	6	-218.727828
80	6	-202.440218
82	6	-184.72925
84	6	-165.947056
86	6	-140.82938
88	6	-102.343689
90	6	-53.126953
92	6	-12.21962
94	6	10.43541
96	6	15.763855
98	6	12.605102
100	6	5.232209
102	6	3.552307
104	6	10.012054
106	6	20.966065
108	6	38.192657
110	6	57.879792
112	6	74.279877
114	6	81.38559
116	6	77.172821
118	6	67.531372
120	6	53.114746
122	6	39.617645
124	6	26.387084
126	6	22.387818
128	6	30.556489
130	6	44.272277
132	6	59.185761
134	6	72.548401
136	6	64.926727
138	6	41.955933
140	6	17.608093
142	6	17.470536
144	6	42.897095
146	6	79.8811
148	6	117.109444
150	6	130.541084
152	6	133.099167
154	6	164.487259
156	6	220.261902
158	6	294.876007
160	6	358.48529
162	6	370.871216
164	6	360.140809
166	6	364.141296
168	6	371.736145
170	6	375.321655
172	6	369.733521
174	6	374.952392
176	6	423.733887
178	6	496.960693
180	6	577.816162
182	6	623.405517
184	6	604.550293
186	6	463.286865
188	6	273.73584
190	6	206.381836
192	6	248.535889
194	6	220.05249
196	6	138.403076
198	6	179.13086
200	6	338.261231
202	6	514.75
204	6	682.786133
206	6	867.486328
208	6	992.395019
210	6	980.273926
212	6	846.687012
214	6	667.300781
216	6	498.782226
218	6	367.611329
220	6	290.198242
222	6	266.355469
224	6	280.004395
226	6	319.356446
228	6	368.134278
230	6	406.658203
232	6	425.803223
234	6	414.863282
236	6	371.947509
238	6	307.584961
240	6	230.25708
242	6	150.650146
244	6	71.697388
246	6	-7.621155
248	6	-81.259521
250	6	-149.940567
252	6	-206.01825
254	6	-251.557007
256	6	-277.558838
258	6	-289.197266
260	6	-295.655029
262	6	-305.602539
264	6	-319.513184
266	6	-346.941894
268	6	-393.456543
270	6	-455.470215
272	6	-513.239746
274	6	-553.459473
276	6	-580.381836
278	6	-596.21289
280	6	-602.564942
282	6	-605.494629
284	6	-603.538574
286	6	-590.171875
288	6	-575.801269
290	6	-583.290039
292	6	-610.881348
294	6	-596.981445
296	6	-510.582764
298	6	-402.480468
300	6	-325.767334
302	6	-284.94873
304	6	-266.383545
306	6	-243.790283
308	6	-217.111084
310	6	-191.383057
312	6	-150.214844
314	6	-126.511841
316	6	-135.968994
318	6	-112.844727
320	6	-53.159302
322	6	-23.13501
324	6	-3.987305
326	6	11.128906
328	6	10.367065
330	6	-5.848022
332	6	-19.461426
334	6	-19.527954
336	6	-17.337585
338	6	-13.476562
340	6	-13.593826
342	6	-15.471038
0	7	41.910858
2	7	43.151779
4	7	51.823868
6	7	55.267593
8	7	66.207886
10	7	70.90474
12	7	64.527176
14	7	57.278778
16	7	48.229523
18	7	34.86856
20	7	22.013947
22	7	15.149841
24	7	11.975433
26	7	7.545898
28	7	5.172638
30	7	9.797363
32	7	20.052002
34	7	28.732422
36	7	21.519104
38	7	3.218231
40	7	-15.000671
42	7	-29.153839
44	7	-36.000092
46	7	-40.417023
48	7	-46.05606
50	7	-50.902924
52	7	-57.685944
54	7	-69.773712
56	7	-85.28659
58	7	-104.516816
60	7	-124.421604
62	7	-138.397018
64	7	-149.167904
66	7	-156.545532
68	7	-164.969998
70	7	-181.707909
72	7	-202.91568
74	7	-215.174271
76	7	-216.88661
78	7	-211.157724
80	7	-200.106323
82	7	-187.781412
84	7	-173.096676
86	7	-149.122295
88	7	-111.597969
90	7	-64.805526
92	7	-24.5065
94	7	-2.715072
96	7	1.672333
98	7	-1.870392
100	7	-9.563599
102	7	-14.82544
104	7	-13.911438
106	7	-6.195648
108	7	10.494598
110	7	29.721039
112	7	46.634461
114	7	56.667236
116	7	53.915406
118	7	46.738801
120	7	34.875702
122	7	24.378143
124	7	18.704071
126	7	19.789643
128	7	28.513824
130	7	42.651367
132	7	56.373596
134	7	65.077484
136	7	57.932571
138	7	40.924911
140	7	20.553527
142	7	14.340553
144	7	28.607807
146	7	49.760471
148	7	75.422979
150	7	88.475113
152	7	104.904839
154	7	161.861084
156	7	225.594268
158	7	291.068298
160	7	334.429871
162	7	327.080811
164	7	304.871338
166	7	315.871277
168	7	341.18811
170	7	362.848267
172	7	367.942261
174	7	380.853638
176	7	433.908081
178	7	510.704834
180	7	596.70166
182	7	655.095215
184	7	662.007324
186	7	552.614258
188	7	383.541748
190	7	279.348144
192	7	299.132569
194	7	276.533692
196	7	210.125
198	7	264.858398
200	7	432.674805
202	7	602.593262
204	7	753.04834
206	7	944.395996
208	7	1088.246582
210	7	1088.020996
212	7	930.092285
214	7	719.272949
216	7	533.25293
218	7	393.946777
220	7	303.324707
222	7	261.695801
224	7	259.42627
226	7	287.120606
228	7	330.389649
230	7	371.342773
232	7	394.688965
234	7	382.666015
236	7	335.642822
238	7	269.881836
240	7	197.592285
242	7	131.07898
244	7	67.506348
246	7	5.799378
248	7	-51.250641
250	7	-108.509476
252	7	-162.420837
254	7	-210.506592
256	7	-246.7146
258	7	-283.36206
260	7	-311.004395
262	7	-328.865234
264	7	-339.844726
266	7	-364.399414
268	7	-417.179688
270	7	-490.292969
272	7	-554.473633
274	7	-590.523437
276	7	-608.521485
278	7	-616.769531
280	7	-620.859375
282	7	-624.75293
284	7	-620.539063
286	7	-598.787598
288	7	-573.15039
290	7	-569.188476
292	7	-574.122559
294	7	-522.424317
296	7	-432.6792
298	7	-364.317627
300	7	-321.934815
302	7	-292.394776
304	7	-269.76001
306	7	-245.368652
308	7	-222.07251
310	7	-188.819336
312	7	-156.933594
314	7	-147.501587
316	7	-141.599732
318	7	-88.099365
320	7	-27.26941
322	7	-3.270264
324	7	14.872925
326	7	21.542785
328	7	12.951111
330	7	-6.367554
332	7	-23.51709
334	7	-23.306183
336	7	-19.690461
338	7	-14.26651
340	7	-14.101608
342	7	-15.569153
0	8	37.47448
2	8	38.507469
4	8	45.583236
6	8	46.271286
8	8	53.74237
10	8	58.063904
12	8	50.404373
14	8	37.269715
16	8	19.884827
18	8	-1.905639
20	8	-23.302857
22	8	-39.192261
24	8	-48.049072
26	8	-53.634643
28	8	-54.531006
30	8	-48.082032
32	8	-35.409272
34	8	-25.169555
36	8	-25.288483
38	8	-35.828674
40	8	-49.602784
42	8	-59.860687
44	8	-62.174499
46	8	-62.510804
48	8	-62.23938
50	8	-65.583404
52	8	-72.936309
54	8	-85.590668
56	8	-100.829864
58	8	-114.47641
60	8	-126.049835
62	8	-134.068949
64	8	-141.604812
66	8	-146.093392
68	8	-152.014049
70	8	-165.307896
72	8	-185.038883
74	8	-198.568629
76	8	-202.737091
78	8	-199.823335
80	8	-192.476957
82	8	-185.080536
84	8	-173.418568
86	8	-150.138618
88	8	-114.311552
90	8	-71.040127
92	8	-33.17598
94	8	-12.427261
96	8	-7.999481
98	8	-12.215057
100	8	-20.200623
102	8	-27.136474
104	8	-29.886261
106	8	-26.003845
108	8	-12.972198
110	8	2.665771
112	8	19.153839
114	8	32.152954
116	8	34.413666
118	8	29.323852
120	8	18.450317
122	8	9.811218
124	8	10.239044
126	8	14.200348
128	8	23.90622
130	8	39.174469
132	8	52.449677
134	8	59.818725
136	8	50.628387
138	8	34.555359
140	8	17.116913
142	8	5.738845
144	8	10.350453
146	8	25.860321
148	8	47.138198
150	8	60.447035
152	8	91.030937
154	8	158.995514
156	8	229.481872
158	8	278.306152
160	8	295.80069
162	8	267.084961
164	8	234.084533
166	8	249.911072
168	8	296.333069
170	8	340.868836
172	8	365.137573
174	8	383.072876
176	8	434.002075
178	8	506.956665
180	8	588.943116
182	8	652.47998
184	8	684.727539
186	8	623.68164
188	8	507.165039
190	8	383.976075
192	8	341.846191
194	8	319.418457
196	8	289.554199
198	8	362.723633
200	8	517.625488
202	8	653.890625
204	8	793.448731
206	8	974.84668
208	8	1125.388184
210	8	1141.234375
212	8	977.975098
214	8	734.815918
216	8	520.862305
218	8	368.418457
220	8	272.305176
222	8	227.592773
224	8	228.98584
226	8	258.416016
228	8	300.319825
230	8	343.484375
232	8	369.147216
234	8	353.044678
236	8	295.581543
238	8	225.217529
240	8	163.661865
242	8	104.395263
244	8	48.503051
246	8	4.948181
248	8	-39.197204
250	8	-92.747375
252	8	-141.930909
254	8	-183.525025
256	8	-210.259888
258	8	-247.10791
260	8	-302.546387
262	8	-355.902588
264	8	-388.110352
266	8	-409.206055
268	8	-458.567383
270	8	-527.555664
272	8	-580.960449
274	8	-605.997559
276	8	-620.288575
278	8	-628.592285
280	8	-631.803711
282	8	-639.27832
284	8	-638.570313
286	8	-623.432617
288	8	-598.639648
290	8	-569.345215
292	8	-527.696778
294	8	-452.174317
296	8	-388.503906
298	8	-354.50293
300	8	-325.924316
302	8	-300.92163
304	8	-281.03833
306	8	-260.452393
308	8	-221.233887
310	8	-185.448731
312	8	-169.187256
314	8	-162.068848
316	8	-134.570923
318	8	-66.394043
320	8	-11.421142
322	8	13.93573
324	8	32.993408
326	8	35.058289
328	8	17.584839
330	8	-8.119751
332	8	-26.170227
334	8	-26.667968
336	8	-22.852905
338	8	-15.680084
340	8	-14.163284
342	8	-15.156158
0	9	32.531441
2	9	33.680832
4	9	39.623962
6	9	39.202011
8	9	43.074646
10	9	45.087296
12	9	37.038376
14	9	20.54422
16	9	-2.344879
18	9	-30.497955
20	9	-58.157684
22	9	-79.862213
24	9	-94.000458
26	9	-102.111145
28	9	-103.335449
30	9	-95.395386
32	9	-81.060852
34	9	-68.091095
36	9	-62.580963
38	9	-68.394165
40	9	-75.360015
42	9	-80.403442
44	9	-80.056732
46	9	-75.219696
48	9	-71.267487
50	9	-72.505723
52	9	-81.003082
54	9	-97.256271
56	9	-112.505508
58	9	-121.91935
60	9	-128.448578
62	9	-133.312775
64	9	-135.952003
66	9	-135.567535
68	9	-138.483448
70	9	-148.683395
72	9	-165.912203
74	9	-180.858059
76	9	-187.731151
78	9	-186.711438
80	9	-182.599798
82	9	-178.78247
84	9	-167.940437
86	9	-146.176132
88	9	-113.539779
90	9	-74.200008
92	9	-39.124359
94	9	-18.963135
96	9	-13.917801
98	9	-17.898194
100	9	-26.618286
102	9	-35.121246
104	9	-38.87735
106	9	-36.266358
108	9	-27.70108
110	9	-16.082916
112	9	-2.008148
114	9	10.798492
116	9	17.189362
118	9	14.353394
120	9	3.88855
122	9	-3.532715
124	9	-0.584961
126	9	5.836853
128	9	16.243591
130	9	31.937347
132	9	47.695221
134	9	56.848954
136	9	43.168304
138	9	22.244079
140	9	3.864128
142	9	-7.667724
144	9	-7.444523
146	9	5.857365
148	9	24.814594
150	9	45.145129
152	9	86.22801
154	9	141.475281
156	9	214.333771
158	9	246.84465
160	9	237.201844
162	9	202.93747
164	9	168.674988
166	9	184.638489
168	9	243.285889
170	9	301.115295
172	9	345.5094
174	9	383.033691
176	9	427.836792
178	9	485.608887
180	9	563.726807
182	9	618.548584
184	9	668.196533
186	9	661.645264
188	9	590.273926
190	9	500.805664
192	9	402.58252
194	9	344.954101
196	9	344.763672
198	9	431.065429
200	9	558.989746
202	9	653.182129
204	9	772.298828
206	9	939.3042
208	9	1099.222168
210	9	1123.984863
212	9	970.632324
214	9	708.036621
216	9	461.645997
218	9	298.330078
220	9	207.825684
222	9	183.879395
224	9	208.76709
226	9	244.157715
228	9	277.48291
230	9	311.911376
232	9	330.657959
234	9	308.271729
236	9	254.026612
238	9	201.060303
240	9	148.422852
242	9	85.917237
244	9	24.651734
246	9	-7.048706
248	9	-49.587631
250	9	-106.750367
252	9	-155.560425
254	9	-193.219727
256	9	-207.906982
258	9	-235.796386
260	9	-267.484131
262	9	-327.639405
264	9	-397.063477
266	9	-449.339355
268	9	-494.01416
270	9	-539.310546
272	9	-583.382324
274	9	-604.073242
276	9	-627.6875
278	9	-651.273926
280	9	-656.757324
282	9	-668.512695
284	9	-675.818848
286	9	-674.683106
288	9	-654.65625
290	9	-594.955079
292	9	-501.1792
294	9	-413.056641
296	9	-372.414062
298	9	-353.798828
300	9	-330.267822
302	9	-316.710693
304	9	-304.569336
306	9	-270.347901
308	9	-226.828857
310	9	-197.385743
312	9	-183.127197
314	9	-164.25
316	9	-119.717408
318	9	-49.635376
320	9	2.508056
322	9	30.149414
324	9	46.427795
326	9	39.938293
328	9	14.840026
330	9	-14.106262
332	9	-28.832336
334	9	-29.166138
336	9	-25.701721
338	9	-17.52243
340	9	-14.956528
342	9	-14.485771
0	10	27.913586
2	10	29.302933
4	10	34.132339
6	10	33.363724
8	10	35.289047
10	10	34.016449
12	10	24.707977
14	10	5.621765
16	10	-20.027649
18	10	-50.445404
20	10	-81.405091
22	10	-107.410034
24	10	-127.46344
26	10	-138.960174
28	10	-141.238312
30	10	-132.734741
32	10	-116.546295
34	10	-101.022308
36	10	-92.206177
38	10	-93.74704
40	10	-94.028992
42	10	-93.137604
44	10	-90.313781
46	10	-82.64679
48	10	-75.765
50	10	-76.150879
52	10	-85.596817
54	10	-101.494384
56	10	-114.160851
58	10	-119.188912
60	10	-121.782398
62	10	-125.424318
64	10	-126.559153
66	10	-123.650883
68	10	-124.075924
70	10	-133.37598
72	10	-149.052879
74	10	-164.96209
76	10	-173.1678
78	10	-173.841619
80	10	-173.733172
82	10	-171.081835
84	10	-160.331909
86	10	-140.634735
88	10	-111.346081
90	10	-75.779915
92	10	-42.836281
94	10	-23.324936
96	10	-17.817688
98	10	-21.074447
100	10	-29.264252
102	10	-38.39917
104	10	-43.566163
106	10	-43.086243
108	10	-38.522644
110	10	-29.059144
112	10	-16.680359
114	10	-5.361176
116	10	1.150177
118	10	-0.12088
120	10	-8.498382
122	10	-13.419738
124	10	-8.879303
126	10	-1.791016
128	10	9.523041
130	10	26.766693
132	10	42.0719
134	10	47.671508
136	10	32.983047
138	10	8.295982
140	10	-11.633049
142	10	-25.243892
144	10	-28.03044
146	10	-16.092125
148	10	1.857307
150	10	28.831948
152	10	81.10017
154	10	135.725975
156	10	188.004349
158	10	205.197648
160	10	176.190217
162	10	144.47342
164	10	125.617858
166	10	144.476197
168	10	195.641663
170	10	259.203369
172	10	327.701538
174	10	384.855835
176	10	425.686157
178	10	464.126587
180	10	525.751465
182	10	577.566894
184	10	629.303467
186	10	656.253662
188	10	613.887451
190	10	549.315918
192	10	461.782715
194	10	380.095215
196	10	364.032227
198	10	437.898926
200	10	521.810059
202	10	592.234375
204	10	685.353516
206	10	849.631836
208	10	1023.562988
210	10	1059.021484
212	10	930.253418
214	10	670.800781
216	10	403.66748
218	10	227.97998
220	10	152.536621
222	10	153.578614
224	10	198.20752
226	10	228.52539
228	10	249.686768
230	10	276.58789
232	10	285.577392
234	10	255.571777
236	10	217.519043
238	10	181.859131
240	10	131.555298
242	10	65.209473
244	10	4.503174
246	10	-19.888305
248	10	-69.515167
250	10	-118.063263
252	10	-156.204834
254	10	-189.875122
256	10	-207.271851
258	10	-240.404541
260	10	-251.326905
262	10	-301.369141
264	10	-359.136474
266	10	-419.400879
268	10	-486.637695
270	10	-515.225098
272	10	-551.51416
274	10	-583.816895
276	10	-619.046387
278	10	-663.29541
280	10	-695.382813
282	10	-708.670411
284	10	-726.115234
286	10	-738.635743
288	10	-713.899903
290	10	-622.394531
292	10	-493.979004
294	10	-400.571777
296	10	-367.963867
298	10	-350.633301
300	10	-344.305176
302	10	-344.713867
304	10	-321.399414
306	10	-275.623047
308	10	-239.366699
310	10	-215.555909
312	10	-190.414917
314	10	-152.497803
316	10	-98.133667
318	10	-31.38208
320	10	21.181213
322	10	48.007202
324	10	53.460998
326	10	38.03949
328	10	8.211243
330	10	-18.037414
332	10	-29.739685
334	10	-29.517059
336	10	-26.215698
338	10	-18.453338
340	10	-16.048279
342	10	-14.342018
0	11	23.872948
2	11	25.48201
4	11	29.597046
6	11	28.602829
8	11	29.406479
10	11	25.868896
12	11	13.867645
14	11	-6.963959
16	11	-33.564545
18	11	-64.013336
20	11	-96.187103
22	11	-124.485748
24	11	-147.943573
26	11	-162.467468
28	11	-164.838196
30	11	-156.740082
32	11	-140.377838
34	11	-123.374664
36	11	-112.574097
38	11	-110.879975
40	11	-107.265473
42	11	-103.291931
44	11	-97.047257
46	11	-86.65004
48	11	-80.016647
50	11	-80.690155
52	11	-88.300522
54	11	-100.22998
56	11	-109.200553
58	11	-111.242927
60	11	-110.785435
62	11	-112.155627
64	11	-113.303647
66	11	-110.805198
68	11	-110.347267
70	11	-118.289517
72	11	-133.381828
74	11	-148.139416
76	11	-156.905609
78	11	-161.171486
80	11	-164.080607
82	11	-162.124779
84	11	-152.563446
86	11	-135.511864
88	11	-108.742126
90	11	-76.220852
92	11	-45.573868
94	11	-26.214859
96	11	-20.155334
98	11	-22.643417
100	11	-29.68692
102	11	-37.959289
104	11	-43.599183
106	11	-46.869995
108	11	-47.053833
110	11	-40.254456
112	11	-29.070648
114	11	-17.74237
116	11	-11.261597
118	11	-11.21225
120	11	-16.816498
122	11	-20.27179
124	11	-15.715576
126	11	-6.763703
128	11	5.512055
130	11	21.267762
132	11	32.502381
134	11	31.650284
136	11	18.92189
138	11	-3.949364
140	11	-27.151138
142	11	-44.32574
144	11	-53.598222
146	11	-47.151451
148	11	-24.878738
150	11	14.376541
152	11	73.979813
154	11	137.12223
156	11	164.281707
158	11	160.758545
160	11	127.802185
162	11	108.341766
164	11	110.407105
166	11	135.338073
168	11	177.294739
170	11	237.469727
172	11	314.473144
174	11	376.317505
176	11	419.325439
178	11	441.705322
180	11	486.244507
182	11	536.830078
184	11	597.345215
186	11	638.73291
188	11	611.041748
190	11	550.52417
192	11	474.62915
194	11	390.605468
196	11	368.138184
198	11	404.935547
200	11	435.527832
202	11	475.091308
204	11	570.9375
206	11	714.966308
208	11	874.580566
210	11	921.752442
212	11	827.032715
214	11	606.609375
216	11	371.30664
218	11	211.957031
220	11	140.949219
222	11	140.761718
224	11	183.896484
226	11	214.391113
228	11	225.583008
230	11	240.064209
232	11	234.736328
234	11	209.669189
236	11	174.656494
238	11	136.460694
240	11	96.828369
242	11	49.339478
244	11	-2.015259
246	11	-44.169495
248	11	-88.109139
250	11	-111.13382
252	11	-141.959655
254	11	-180.951172
256	11	-202.026734
258	11	-222.296631
260	11	-245.093262
262	11	-284.962402
264	11	-318.55835
266	11	-370.910644
268	11	-434.006836
270	11	-473.181153
272	11	-503.619629
274	11	-540.746093
276	11	-588.452637
278	11	-644.434082
280	11	-701.729004
282	11	-727.103515
284	11	-756.321777
286	11	-770.404297
288	11	-730.156739
290	11	-619.751953
292	11	-486.563477
294	11	-394.366211
296	11	-356.190429
298	11	-343.055176
300	11	-357.166259
302	11	-348.491943
304	11	-314.915771
306	11	-277.373779
308	11	-241.255127
310	11	-216.733765
312	11	-187.421631
314	11	-138.336792
316	11	-73.094482
318	11	-8.371826
320	11	39.923889
322	11	60.1427
324	11	54.851868
326	11	34.455505
328	11	3.435425
330	11	-18.262787
332	11	-27.996765
334	11	-28.246765
336	11	-25.738418
338	11	-18.97992
340	11	-16.610809
342	11	-14.063423
0	12	20.332553
2	12	22.209511
4	12	25.945229
6	12	24.802689
8	12	24.539795
10	12	19.269394
12	12	5.647461
14	12	-15.584671
16	12	-42.810303
18	12	-73.748138
20	12	-106.799225
22	12	-135.267212
24	12	-157.97345
26	12	-173.229309
28	12	-176.605041
30	12	-169.165101
32	12	-152.227844
34	12	-134.698394
36	12	-122.364868
38	12	-117.241425
40	12	-113.276642
42	12	-108.462997
44	12	-100.152161
46	12	-89.239502
48	12	-83.902984
50	12	-84.904755
52	12	-89.514328
54	12	-96.198715
56	12	-101.44255
58	12	-102.386154
60	12	-101.583297
62	12	-100.481821
64	12	-99.181728
66	12	-96.934349
68	12	-97.30283
70	12	-104.025467
72	12	-117.244351
74	12	-130.081335
76	12	-139.945353
78	12	-147.091635
80	12	-150.916721
82	12	-150.204723
84	12	-142.536812
86	12	-127.841392
88	12	-103.458786
90	12	-73.781654
92	12	-46.80671
94	12	-28.871689
96	12	-21.991653
98	12	-22.864395
100	12	-28.219681
102	12	-35.408951
104	12	-41.439621
106	12	-46.958695
108	12	-50.179566
110	12	-47.15802
112	12	-38.718994
114	12	-27.893982
116	12	-20.947907
118	12	-19.40625
120	12	-22.547669
122	12	-26.714172
124	12	-23.015198
126	12	-12.4859
128	12	0.862731
130	12	14.063995
132	12	20.616639
134	12	17.293411
136	12	9.032669
138	12	-9.048958
140	12	-33.073452
142	12	-56.452007
144	12	-72.913152
146	12	-71.127537
148	12	-45.934349
150	12	6.219673
152	12	68.945491
154	12	129.264505
156	12	151.110878
158	12	122.061981
160	12	85.205811
162	12	81.184448
164	12	98.382111
166	12	124.505646
168	12	168.421325
170	12	229.809265
172	12	310.003235
174	12	371.972839
176	12	397.52124
178	12	413.087402
180	12	437.93103
182	12	500.346191
184	12	574.079834
186	12	636.84253
188	12	625.374756
190	12	546.243164
192	12	455.409668
194	12	372.95166
196	12	343.300049
198	12	347.791015
200	12	335.922363
202	12	344.884277
204	12	425.327148
206	12	553.595215
208	12	680.66919
210	12	725.814209
212	12	673.797851
214	12	527.377197
216	12	362.125732
218	12	236.091309
220	12	167.678711
222	12	163.501465
224	12	195.700927
226	12	213.080322
228	12	207.25
230	12	212.14038
232	12	203.947754
234	12	178.036621
236	12	136.465088
238	12	96.19458
240	12	57.152465
242	12	10.75293
244	12	-30.030823
246	12	-82.879181
248	12	-117.59552
250	12	-129.705826
252	12	-145.794921
254	12	-172.105346
256	12	-194.875976
258	12	-221.210938
260	12	-247.139648
262	12	-279.129639
264	12	-308.671143
266	12	-358.739258
268	12	-399.648437
270	12	-422.37793
272	12	-459.72168
274	12	-521.015625
276	12	-571.717774
278	12	-621.763672
280	12	-686.525879
282	12	-723.084473
284	12	-740.425782
286	12	-739.904297
288	12	-681.453613
290	12	-570.061524
292	12	-448.163574
294	12	-364.558106
296	12	-336.306641
298	12	-338.477051
300	12	-345.290283
302	12	-326.65918
304	12	-305.518799
306	12	-271.151611
308	12	-235.404785
310	12	-209.910767
312	12	-177.905273
314	12	-119.48291
316	12	-47.859375
318	12	13.193177
320	12	52.585754
322	12	64.741821
324	12	56.306702
326	12	31.204712
328	12	0.334046
330	12	-18.366913
332	12	-26.810333
334	12	-27.567993
336	12	-25.071609
338	12	-18.568772
340	12	-16.182587
342	12	-13.648712
0	13	17.316337
2	13	19.399719
4	13	22.905891
6	13	21.571061
8	13	20.142242
10	13	13.905014
12	13	0.089523
14	13	-20.705185
16	13	-48.287582
18	13	-80.365006
20	13	-113.872269
22	13	-142.437897
24	13	-164.525299
26	13	-179.03479
28	13	-182.607605
30	13	-174.7388
32	13	-157.485138
34	13	-139.952973
36	13	-126.927582
38	13	-119.787109
40	13	-116.803162
42	13	-111.493881
44	13	-101.784333
46	13	-91.226838
48	13	-86.629974
50	13	-86.496856
52	13	-88.43309
54	13	-91.652649
56	13	-94.07174
58	13	-93.13971
60	13	-91.392208
62	13	-89.12499
64	13	-86.326268
66	13	-82.992982
68	13	-83.106985
70	13	-89.748436
72	13	-102.0198
74	13	-114.75329
76	13	-124.169422
78	13	-129.662505
80	13	-133.66465
82	13	-135.358267
84	13	-131.192955
86	13	-118.817605
88	13	-96.734893
90	13	-69.612369
92	13	-44.800148
94	13	-29.68338
96	13	-24.48462
98	13	-24.723954
100	13	-28.297776
102	13	-34.620315
104	13	-40.513367
106	13	-45.864288
108	13	-48.745636
110	13	-46.275497
112	13	-39.17987
114	13	-30.33725
116	13	-25.698944
118	13	-24.450196
120	13	-25.347076
122	13	-27.353821
124	13	-23.474274
126	13	-13.564057
128	13	-1.542359
130	13	7.555267
132	13	10.948074
134	13	9.136856
136	13	4.322838
138	13	-12.239456
140	13	-36.707359
142	13	-62.901424
144	13	-83.640117
146	13	-79.167118
148	13	-49.167649
150	13	8.615578
152	13	69.640291
154	13	117.162754
156	13	135.056406
158	13	98.265778
160	13	57.775116
162	13	55.076996
164	13	79.861664
166	13	108.237824
168	13	151.020019
170	13	221.125854
172	13	308.05188
174	13	370.443421
176	13	380.918884
178	13	373.866699
180	13	393.134522
182	13	454.923339
184	13	551.781738
186	13	642.876221
188	13	643.405517
190	13	540.937744
192	13	418.252197
194	13	329.297119
196	13	297.87915
198	13	280.510742
200	13	235.426026
202	13	228.620361
204	13	292.732178
206	13	401.02832
208	13	502.205811
210	13	525.265381
212	13	498.090821
214	13	426.356934
216	13	336.581787
218	13	253.376709
220	13	208.323975
222	13	203.179932
224	13	220.322998
226	13	230.546387
228	13	215.644043
230	13	190.115478
232	13	159.876953
234	13	122.72461
236	13	87.444092
238	13	48.318481
240	13	2.242676
242	13	-30.190308
244	13	-55.272827
246	13	-92.326691
248	13	-110.344479
250	13	-117.921066
252	13	-129.507996
254	13	-136.402465
256	13	-153.505005
258	13	-182.452149
260	13	-211.372315
262	13	-246.010742
264	13	-276.357666
266	13	-335.41748
268	13	-380.48584
270	13	-395.850586
272	13	-433.233886
274	13	-499.189453
276	13	-549.033203
278	13	-588.121583
280	13	-633.222168
282	13	-666.702148
284	13	-659.54834
286	13	-636.554199
288	13	-569.435547
290	13	-474.543945
292	13	-388.369141
294	13	-328.345214
296	13	-308.469239
298	13	-316.137451
300	13	-323.014161
302	13	-316.287109
304	13	-302.951905
306	13	-274.167725
308	13	-239.652099
310	13	-205.39917
312	13	-162.080566
314	13	-102.051025
316	13	-34.759643
318	13	23.769531
320	13	57.700134
322	13	66.471252
324	13	57.514587
326	13	29.652222
328	13	-0.209198
330	13	-16.99469
332	13	-24.844208
334	13	-26.295944
336	13	-23.624695
338	13	-17.508773
340	13	-15.569519
342	13	-13.30407
0	14	14.802605
2	14	17.01944
4	14	20.277039
6	14	18.694351
8	14	16.311875
10	14	9.676011
12	14	-3.673004
14	14	-23.80838
16	14	-51.240845
18	14	-83.570191
20	14	-117.02478
22	14	-145.430435
24	14	-167.531754
26	14	-182.067978
28	14	-185.765168
30	14	-177.593002
32	14	-160.581848
34	14	-144.054199
36	14	-131.260315
38	14	-123.286408
40	14	-120.003724
42	14	-113.848968
44	14	-103.741485
46	14	-93.078629
48	14	-86.717285
50	14	-83.856461
52	14	-83.524277
54	14	-85.20636
56	14	-86.494202
58	14	-85.362106
60	14	-82.584674
62	14	-78.327684
64	14	-72.811919
66	14	-66.922499
68	14	-65.32819
70	14	-71.855427
72	14	-84.431772
74	14	-97.619645
76	14	-106.806931
78	14	-112.107766
80	14	-116.192961
82	14	-118.931076
84	14	-117.228928
86	14	-107.79192
88	14	-87.989507
90	14	-63.225271
92	14	-40.422218
94	14	-26.159858
96	14	-21.524582
98	14	-22.989441
100	14	-27.581451
102	14	-33.898422
104	14	-38.811387
106	14	-42.946548
108	14	-44.984024
110	14	-42.925049
112	14	-36.149506
114	14	-27.667419
116	14	-23.346405
118	14	-21.518768
120	14	-20.425232
122	14	-20.397857
124	14	-18.042205
126	14	-12.633377
128	14	-4.584686
130	14	4.265289
132	14	9.9767
134	14	9.340043
136	14	4.319252
138	14	-11.199585
140	14	-34.460659
142	14	-60.514927
144	14	-80.278233
146	14	-75.993115
148	14	-46.780663
150	14	12.44519
152	14	68.863315
154	14	104.404411
156	14	112.362996
158	14	81.13137
160	14	44.429596
162	14	40.942414
164	14	67.843018
166	14	100.227966
168	14	143.595154
170	14	212.386963
172	14	296.566834
174	14	363.940308
176	14	370.973572
178	14	345.005737
180	14	352.223999
182	14	408.310547
184	14	506.849487
186	14	623.034668
188	14	652.412598
190	14	545.378906
192	14	392.311036
194	14	290.083008
196	14	261.183594
198	14	229.443603
200	14	156.871582
202	14	135.317627
204	14	185.260254
206	14	276.456543
208	14	339.145752
210	14	337.772705
212	14	327.015625
214	14	307.625489
216	14	280.422851
218	14	248.489747
220	14	223.61206
222	14	224.714111
224	14	233.987304
226	14	236.203858
228	14	220.279786
230	14	187.508056
232	14	157.360352
234	14	110.818359
236	14	56.035278
238	14	8.770264
240	14	-19.127075
242	14	-33.015137
244	14	-48.790894
246	14	-84.977967
248	14	-104.611631
250	14	-108.330445
252	14	-128.413635
254	14	-140.783508
256	14	-145.894653
258	14	-140.796997
260	14	-157.323243
262	14	-193.124512
264	14	-238.427246
266	14	-302.239502
268	14	-343.500732
270	14	-361.796875
272	14	-394.351563
274	14	-450.116211
276	14	-507.119629
278	14	-540.668457
280	14	-554.246582
282	14	-558.861328
284	14	-540.018555
286	14	-502.414551
288	14	-455.264649
290	14	-389.402832
292	14	-327.72705
294	14	-279.950195
296	14	-265.238282
298	14	-288.276855
300	14	-310.625
302	14	-316.995606
304	14	-308.293945
306	14	-279.242676
308	14	-241.298218
310	14	-199.339844
312	14	-151.541382
314	14	-89.914917
316	14	-24.887878
318	14	26.775635
320	14	56.193054
322	14	64.724243
324	14	56.429718
326	14	29.686004
328	14	1.363464
330	14	-14.175903
332	14	-22.057312
334	14	-24.477935
336	14	-21.870804
338	14	-16.514984
340	14	-15.163093
342	14	-12.994209
0	15	12.779999
2	15	14.994858
4	15	17.916397
6	15	16.155502
8	15	13.233017
10	15	6.623383
12	15	-6.039826
14	15	-25.788681
16	15	-52.666885
18	15	-84.612533
20	15	-117.708786
22	15	-146.112747
24	15	-168.575318
26	15	-183.089585
28	15	-187.188889
30	15	-178.766693
32	15	-162.514359
34	15	-147.471252
36	15	-135.500473
38	15	-126.858383
40	15	-121.914718
42	15	-114.228271
44	15	-103.378448
46	15	-91.92804
48	15	-82.963852
50	15	-77.392593
52	15	-76.230416
54	15	-77.774414
56	15	-79.221039
58	15	-77.678264
60	15	-73.211071
62	15	-67.224258
64	15	-59.44175
66	15	-51.614442
68	15	-48.856107
70	15	-53.755871
72	15	-65.17258
74	15	-77.777984
76	15	-87.363572
78	15	-93.726172
80	15	-99.16116
82	15	-103.162946
84	15	-102.706488
86	15	-95.284958
88	15	-78.196916
90	15	-54.964306
92	15	-33.449089
94	15	-19.194023
96	15	-14.218017
98	15	-16.20668
100	15	-21.514206
102	15	-27.00151
104	15	-31.231659
106	15	-35.215622
108	15	-38.077057
110	15	-36.79834
112	15	-29.924927
114	15	-20.977204
116	15	-16.361358
118	15	-15.363815
120	15	-16.282318
122	15	-18.807815
124	15	-17.509186
126	15	-12.318589
128	15	-5.947449
130	15	1.4935
132	15	7.697235
134	15	10.028831
136	15	10.323235
138	15	-2.625713
140	15	-26.551735
142	15	-52.035597
144	15	-71.56628
146	15	-71.142525
148	15	-45.286606
150	15	11.153427
152	15	63.218838
154	15	89.611236
156	15	84.183881
158	15	62.051697
160	15	39.089904
162	15	27.194916
164	15	48.188263
166	15	89.482117
168	15	139.421661
170	15	207.285828
172	15	287.201294
174	15	350.889831
176	15	355.33844
178	15	321.92041
180	15	309.917968
182	15	364.27063
184	15	468.338867
186	15	584.303711
188	15	625.550537
190	15	540.559815
192	15	376.277344
194	15	253.839111
196	15	225.442871
198	15	197.048584
200	15	111.977295
202	15	77.983887
204	15	96.632812
206	15	154.274415
208	15	197.237061
210	15	183.374023
212	15	176.534424
214	15	192.958984
216	15	211.306153
218	15	216.636719
220	15	199.539062
222	15	197.779785
224	15	218.841064
226	15	227.424072
228	15	207.186035
230	15	161.435791
232	15	122.567383
234	15	82.183105
236	15	49.537964
238	15	22.268433
240	15	-2.315186
242	15	-24.278808
244	15	-31.47113
246	15	-64.500305
248	15	-87.322067
250	15	-98.541718
252	15	-115.262817
254	15	-118.433777
256	15	-117.304199
258	15	-112.792237
260	15	-131.250366
262	15	-165.754883
264	15	-206.326904
266	15	-259.548828
268	15	-294.067871
270	15	-321.5
272	15	-352.226074
274	15	-380.097656
276	15	-412.885742
278	15	-435.912597
280	15	-450.166504
282	15	-444.064941
284	15	-411.392578
286	15	-365.078125
288	15	-339.501953
290	15	-305.512207
292	15	-261.477051
294	15	-224.196778
296	15	-230.302978
298	15	-272.78833
300	15	-303.736328
302	15	-313.301757
304	15	-308.595703
306	15	-278.939697
308	15	-239.443359
310	15	-195.54541
312	15	-143.225098
314	15	-79.028321
316	15	-16.611511
318	15	28.128784
320	15	53.395202
322	15	60.766876
324	15	52.192993
326	15	28.119629
328	15	2.963898
330	15	-11.095154
332	15	-19.039032
334	15	-22.427216
336	15	-20.398941
338	15	-15.799111
340	15	-14.802208
342	15	-12.63736
0	16	11.148678
2	16	13.19001
4	16	15.715363
6	16	13.806114
8	16	10.81955
10	16	4.524017
12	16	-7.915467
14	16	-27.589798
16	16	-53.812103
18	16	-84.799164
20	16	-116.747971
22	16	-144.44069
24	16	-167.940582
26	16	-183.086899
28	16	-187.125595
30	16	-178.901322
32	16	-163.563095
34	16	-149.738755
36	16	-138.756225
38	16	-130.216308
40	16	-123.00029
42	16	-113.97409
44	16	-102.379181
46	16	-90.105239
48	16	-79.279617
50	16	-72.832443
52	16	-70.914155
54	16	-71.236488
56	16	-71.380646
58	16	-67.648975
60	16	-61.334831
62	16	-55.176375
64	16	-48.046652
66	16	-40.178204
68	16	-37.087672
70	16	-41.547804
72	16	-51.341178
74	16	-62.228219
76	16	-71.127279
78	16	-77.99871
80	16	-84.430578
82	16	-89.170788
84	16	-88.929217
86	16	-82.361839
88	16	-67.655351
90	16	-47.272342
92	16	-28.074227
94	16	-14.803909
96	16	-10.152176
98	16	-11.829682
100	16	-16.006622
102	16	-20.372528
104	16	-23.72081
106	16	-27.145431
108	16	-30.168366
110	16	-28.930222
112	16	-22.986801
114	16	-15.760864
116	16	-13.919754
118	16	-16.448746
120	16	-19.887115
122	16	-22.276977
124	16	-19.421296
126	16	-12.785049
128	16	-6.139481
130	16	-0.060638
132	16	4.713883
134	16	8.987358
136	16	12.013016
138	16	0.675564
140	16	-22.277586
142	16	-47.280731
144	16	-66.472412
146	16	-68.338169
148	16	-45.293594
150	16	8.549911
152	16	55.657482
154	16	71.153613
156	16	59.495217
158	16	45.916123
160	16	36.92868
162	16	35.681762
164	16	42.350037
166	16	72.860351
168	16	123.313782
170	16	194.676635
172	16	274.941407
174	16	331.5896
176	16	327.320129
178	16	287.738952
180	16	268.903686
182	16	300.275391
184	16	403.89978
186	16	531.599365
188	16	594.172852
190	16	543.592285
192	16	386.123779
194	16	232.19458
196	16	185.531494
198	16	167.371582
200	16	89.126953
202	16	40.620117
204	16	43.563476
206	16	71.983155
208	16	80.724121
210	16	64.09082
212	16	61.91211
214	16	92.581543
216	16	132.714355
218	16	161.443115
220	16	171.176269
222	16	182.955322
224	16	206.74292
226	16	208.888183
228	16	182.75293
230	16	137.08667
232	16	99.469117
234	16	69.356079
236	16	50.984741
238	16	42.142823
240	16	23.645752
242	16	4.607178
244	16	-15.467956
246	16	-51.58905
248	16	-74.594658
250	16	-77.181473
252	16	-84.533966
254	16	-86.359741
256	16	-88.41919
258	16	-83.016846
260	16	-96.595459
262	16	-131.417968
264	16	-171.632324
266	16	-212.195556
268	16	-242.943847
270	16	-274.475586
272	16	-297.000488
274	16	-318.763184
276	16	-342.266602
278	16	-359.261719
280	16	-352.27832
282	16	-327.240723
284	16	-280.107422
286	16	-237.367187
288	16	-230.285157
290	16	-218.081543
292	16	-190.388183
294	16	-180.830078
296	16	-206.614014
298	16	-257.329346
300	16	-286.279297
302	16	-302.71814
304	16	-303.826661
306	16	-274.961182
308	16	-233.967652
310	16	-189.044678
312	16	-133.19043
314	16	-69.667664
316	16	-11.933411
318	16	29.555237
320	16	51.311585
322	16	57.090088
324	16	47.607391
326	16	25.595764
328	16	3.212372
330	16	-9.247681
332	16	-16.362457
334	16	-19.923874
336	16	-18.613342
338	16	-14.93647
340	16	-14.311096
342	16	-12.168114
0	17	9.741776
2	17	11.548424
4	17	13.584083
6	17	11.594086
8	17	8.723099
10	17	2.305939
12	17	-10.316147
14	17	-30.070374
16	17	-55.766846
18	17	-85.375153
20	17	-115.257797
22	17	-141.338517
24	17	-164.366089
26	17	-180.511261
28	17	-185.084442
30	17	-177.771774
32	17	-163.717774
34	17	-150.955429
36	17	-140.240631
38	17	-131.666672
40	17	-122.816223
42	17	-112.42952
44	17	-100.695831
46	17	-88.989624
48	17	-79.071121
50	17	-73.032555
52	17	-71.072464
54	17	-70.616387
56	17	-69.379615
58	17	-64.635593
60	17	-57.019043
62	17	-49.12895
64	17	-41.063879
66	17	-33.028083
68	17	-30.6452
70	17	-35.105771
72	17	-44.13643
74	17	-53.801975
76	17	-62.363474
78	17	-69.933305
80	17	-76.642939
82	17	-80.676967
84	17	-79.906601
86	17	-73.622869
88	17	-60.949
90	17	-44.04888
92	17	-26.806523
94	17	-14.238502
96	17	-9.040329
98	17	-10.243164
100	17	-14.470169
102	17	-18.896515
104	17	-22.072632
106	17	-25.054291
108	17	-27.456802
110	17	-26.324921
112	17	-22.572616
114	17	-17.695633
116	17	-16.803802
118	17	-19.204972
120	17	-21.533875
122	17	-21.367294
124	17	-16.318405
126	17	-9.505829
128	17	-3.963516
130	17	0.458069
132	17	4.375915
134	17	9.36068
136	17	12.600445
138	17	1.864597
140	17	-20.120918
142	17	-44.264703
144	17	-62.904236
146	17	-65.414493
148	17	-43.996025
150	17	6.790001
152	17	50.25814
154	17	58.476923
156	17	42.94447
158	17	35.681507
160	17	36.890473
162	17	43.654618
164	17	52.806
166	17	69.084778
168	17	105.03067
170	17	175.11795
172	17	251.147492
174	17	300.735962
176	17	292.438782
178	17	254.778137
180	17	237.698486
182	17	252.897461
184	17	330.504028
186	17	463.000122
188	17	561.703735
190	17	543.029663
192	17	406.048829
194	17	244.95166
196	17	170.251221
198	17	131.868165
200	17	56.960938
202	17	17.71167
204	17	28.427246
206	17	37.080811
208	17	3.718994
210	17	-37.790283
212	17	-43.488281
214	17	-7.160644
216	17	53.84375
218	17	111.598144
220	17	147.725342
222	17	184.111816
224	17	195.934326
226	17	173.820312
228	17	149.835815
230	17	119.310181
232	17	82.987305
234	17	54.061279
236	17	50.909302
238	17	49.660156
240	17	31.632202
242	17	15.972413
244	17	-3.124511
246	17	-27.085724
248	17	-43.20858
250	17	-54.0056
252	17	-53.463898
254	17	-41.94812
256	17	-39.448974
258	17	-37.919678
260	17	-51.708008
262	17	-75.642822
264	17	-105.04126
266	17	-132.533936
268	17	-157.244873
270	17	-198.297363
272	17	-232.804688
274	17	-250.106201
276	17	-261.248047
278	17	-274.83789
280	17	-270.481445
282	17	-243.992676
284	17	-204.813476
286	17	-178.689453
288	17	-183.182128
290	17	-178.813965
292	17	-155.98584
294	17	-159.429931
296	17	-191.489502
298	17	-238.670166
300	17	-267.54834
302	17	-291.451294
304	17	-296.248291
306	17	-268.855713
308	17	-228.613159
310	17	-178.963623
312	17	-122.624634
314	17	-62.69403
316	17	-8.348999
318	17	29.710083
320	17	49.304962
322	17	53.872924
324	17	43.586395
326	17	23.220337
328	17	3.119354
330	17	-8.069458
332	17	-14.496933
334	17	-17.957718
336	17	-16.86795
338	17	-13.830048
340	17	-13.692665
342	17	-11.500015
0	18	8.581482
2	18	10.251526
4	18	12.048332
6	18	10.107833
8	18	7.014785
10	18	0.223297
12	18	-12.42482
14	18	-31.817627
16	18	-56.511567
18	18	-84.759034
20	18	-113.633088
22	18	-138.405945
24	18	-160.205536
26	18	-176.294265
28	18	-182.137604
30	18	-176.104675
32	18	-162.8284
34	18	-150.42221
36	18	-139.902786
38	18	-130.935089
40	18	-121.703506
42	18	-111.049454
44	18	-100.397751
46	18	-90.674912
48	18	-82.505295
50	18	-77.332229
52	18	-74.92588
54	18	-72.872734
56	18	-70.245575
58	18	-64.578144
60	18	-56.424907
62	18	-47.864838
64	18	-39.343533
66	18	-31.804651
68	18	-30.090695
70	18	-33.830362
72	18	-41.742682
74	18	-49.861647
76	18	-56.773385
78	18	-62.981514
80	18	-69.139165
82	18	-73.135998
84	18	-73.163788
86	18	-69.25938
88	18	-60.299692
90	18	-46.481776
92	18	-30.990356
94	18	-18.788101
96	18	-12.431183
98	18	-12.144798
100	18	-15.376244
102	18	-19.562462
104	18	-23.044883
106	18	-26.692955
108	18	-30.120804
110	18	-30.280777
112	18	-26.669739
114	18	-22.00357
116	18	-20.557465
118	18	-21.173416
120	18	-21.415786
122	18	-19.513763
124	18	-14.033981
126	18	-7.999405
128	18	-3.435029
130	18	0.913467
132	18	5.188652
134	18	10.23465
136	18	13.238865
138	18	2.816241
140	18	-18.535468
142	18	-41.947633
144	18	-59.627419
146	18	-61.987503
148	18	-41.482003
150	18	5.586929
152	18	45.440556
154	18	50.08938
156	18	35.362467
158	18	30.815407
160	18	35.973518
162	18	45.18808
164	18	56.639389
166	18	71.948639
168	18	102.002502
170	18	156.184051
172	18	222.447571
174	18	271.06546
176	18	265.419311
178	18	223.693054
180	18	202.92218
182	18	218.107849
184	18	283.901001
186	18	398.954224
188	18	502.396729
190	18	516.776367
192	18	409.507202
194	18	258.546143
196	18	170.793945
198	18	109.953858
200	18	29.473389
202	18	-1.421875
204	18	17.593505
206	18	20.552979
208	18	-30.75
210	18	-102.115234
212	18	-145.978272
214	18	-122.602539
216	18	-43.473145
218	18	55.303222
220	18	133.790283
222	18	188.865722
224	18	209.814453
226	18	192.720215
228	18	159.741211
230	18	120.667603
232	18	77.109253
234	18	50.083618
236	18	51.928222
238	18	54.082641
240	18	24.682922
242	18	7.499939
244	18	-7.34082
246	18	-12.153443
248	18	-10.386215
250	18	-17.038757
252	18	-16.590302
254	18	3.014099
256	18	4.037292
258	18	5.28479
260	18	7.875122
262	18	-0.448975
264	18	-24.773682
266	18	-44.518799
268	18	-66.588135
270	18	-113.798584
272	18	-159.572266
274	18	-178.951416
276	18	-190.872071
278	18	-199.247803
280	18	-194.341309
282	18	-172.166016
284	18	-147.016114
286	18	-140.804199
288	18	-152.119629
290	18	-156.351318
292	18	-145.49878
294	18	-147.861816
296	18	-175.286132
298	18	-213.35083
300	18	-250.471558
302	18	-279.142944
304	18	-283.392944
306	18	-257.386596
308	18	-217.780396
310	18	-166.221191
312	18	-111.330322
314	18	-54.538086
316	18	-4.675598
318	18	29.200257
320	18	46.860291
322	18	50.748108
324	18	40.365844
326	18	21.211823
328	18	2.897308
330	18	-7.20401
332	18	-13.185241
334	18	-16.601532
336	18	-15.654579
338	18	-12.912765
340	18	-13.007736
342	18	-10.824715
0	19	7.77919
2	19	9.539421
4	19	11.230713
6	19	9.083763
8	19	5.70594
10	19	-1.077927
12	19	-13.250473
14	19	-31.429443
16	19	-54.788849
18	19	-82.216293
20	19	-110.990539
22	19	-135.524124
24	19	-155.840378
26	19	-171.075379
28	19	-177.786941
30	19	-171.746476
32	19	-157.914322
34	19	-145.617112
36	19	-135.990464
38	19	-128.774139
40	19	-121.207596
42	19	-111.503463
44	19	-102.346222
46	19	-93.893082
48	19	-86.76265
50	19	-81.951767
52	19	-78.256195
54	19	-74.116149
56	19	-69.701428
58	19	-62.698494
60	19	-54.240029
62	19	-46.50531
64	19	-39.569804
66	19	-33.852367
68	19	-32.829666
70	19	-36.413477
72	19	-43.152109
74	19	-49.570691
76	19	-54.768985
78	19	-59.900086
80	19	-65.536155
82	19	-69.496644
84	19	-69.874961
86	19	-66.816883
88	19	-59.474585
90	19	-46.927851
92	19	-32.731743
94	19	-21.90744
96	19	-16.935051
98	19	-17.390174
100	19	-20.551224
102	19	-24.32383
104	19	-27.452599
106	19	-30.743935
108	19	-33.524414
110	19	-32.90496
112	19	-28.889832
114	19	-24.32901
116	19	-22.573532
118	19	-21.962952
120	19	-21.125733
122	19	-18.808975
124	19	-13.646896
126	19	-8.111633
128	19	-3.820466
130	19	0.872864
132	19	5.561172
134	19	10.541901
136	19	13.363838
138	19	3.31794
140	19	-17.258133
142	19	-39.523455
144	19	-55.9863
146	19	-57.93193
148	19	-38.328526
150	19	4.954666
152	19	40.631642
154	19	44.819686
156	19	32.864363
158	19	29.09789
160	19	33.602776
162	19	41.943299
164	19	53.018295
166	19	68.436203
168	19	95.630737
170	19	141.384491
172	19	198.288117
174	19	241.9711
176	19	238.943817
178	19	202.18689
180	19	181.007691
182	19	177.689087
184	19	235.208679
186	19	337.519287
188	19	434.903687
190	19	459.231934
192	19	384.102783
194	19	256.993286
196	19	167.861573
198	19	99.258789
200	19	36.359375
202	19	11.01709
204	19	20.676025
206	19	9.612304
208	19	-45.242188
210	19	-124.093017
212	19	-193.609009
214	19	-186.084594
216	19	-122.785034
218	19	-27.505981
220	19	78.833862
222	19	155.377808
224	19	183.925415
226	19	179.401733
228	19	154.192993
230	19	114.333863
232	19	66.528564
234	19	43.935546
236	19	45.561706
238	19	34.450378
240	19	5.697144
242	19	-3.695068
244	19	-6.884278
246	19	-0.288773
248	19	-4.569366
250	19	-25.481469
252	19	-32.160217
254	19	-13.498505
256	19	-7.298645
258	19	3.088562
260	19	16.246094
262	19	11.524292
264	19	-17.323731
266	19	-42.646362
268	19	-60.784912
270	19	-92.213379
272	19	-117.066651
274	19	-128.317138
276	19	-131.005615
278	19	-131.732178
280	19	-131.554687
282	19	-132.830322
284	19	-125.564941
286	19	-115.309814
288	19	-119.79126
290	19	-125.657715
292	19	-127.079345
294	19	-135.440918
296	19	-157.135009
298	19	-194.312744
300	19	-234.403199
302	19	-261.604493
304	19	-264.651612
306	19	-240.131225
308	19	-200.974548
310	19	-151.643554
312	19	-99.773925
314	19	-46.788453
316	19	-1.029297
318	19	29.532104
320	19	44.655792
322	19	47.155182
324	19	37.357239
326	19	19.764678
328	19	2.61203
330	19	-6.775833
332	19	-12.295044
334	19	-15.671784
336	19	-14.896668
338	19	-12.314842
340	19	-12.412353
342	19	-10.242596
0	20	7.251652
2	20	9.088253
4	20	10.553276
6	20	8.290978
8	20	4.867118
10	20	-1.839996
12	20	-13.58223
14	20	-30.878067
16	20	-53.448578
18	20	-80.220932
20	20	-108.096695
22	20	-131.597763
24	20	-150.600403
26	20	-164.678772
28	20	-170.8564
30	20	-164.532822
32	20	-150.72049
34	20	-138.425552
36	20	-129.665344
38	20	-124.045227
40	20	-118.046981
42	20	-109.557862
44	20	-101.142044
46	20	-92.899201
48	20	-85.872139
50	20	-80.854935
52	20	-76.506813
54	20	-71.577698
56	20	-66.5243
58	20	-59.380391
60	20	-51.039261
62	20	-44.094362
64	20	-37.776365
66	20	-31.989878
68	20	-30.551597
70	20	-33.503534
72	20	-39.50181
74	20	-45.449034
76	20	-50.323972
78	20	-54.974981
80	20	-59.995163
82	20	-63.475321
84	20	-63.767042
86	20	-60.889261
88	20	-53.969807
90	20	-42.472682
92	20	-29.756821
94	20	-20.303913
96	20	-16.683243
98	20	-17.769516
100	20	-20.738556
102	20	-24.112121
104	20	-26.896797
106	20	-29.720886
108	20	-32.554421
110	20	-32.38028
112	20	-28.716209
114	20	-23.937789
116	20	-22.029144
118	20	-21.114837
120	20	-20.138291
122	20	-18.0578
124	20	-13.383408
126	20	-8.358124
128	20	-4.371338
130	20	0.393806
132	20	5.282089
134	20	10.24234
136	20	12.912006
138	20	3.253475
140	20	-16.223056
142	20	-36.977882
144	20	-51.892811
146	20	-53.280934
148	20	-35.021187
150	20	4.781441
152	20	37.064606
154	20	41.023449
156	20	30.373343
158	20	26.860718
160	20	31.214317
162	20	38.430542
164	20	47.697952
166	20	61.110886
168	20	85.422471
170	20	126.474396
172	20	177.853394
174	20	217.953095
176	20	216.184295
178	20	183.326569
180	20	162.370606
182	20	158.070923
184	20	199.691284
186	20	280.525574
188	20	357.716186
190	20	392.373169
192	20	345.460205
194	20	250.062378
196	20	164.015991
198	20	87.687744
200	20	36.441163
202	20	10.768066
204	20	14.841797
206	20	28.724365
208	20	2.159302
210	20	-89.968506
212	20	-192.593262
214	20	-213.558838
216	20	-187.367798
218	20	-100.037476
220	20	1.367065
222	20	82.283081
224	20	118.060059
226	20	122.268798
228	20	112.324219
230	20	85.102173
232	20	45.297851
234	20	28.211853
236	20	20.310425
238	20	16.777283
240	20	6.23169
242	20	3.66629
244	20	-1.548737
246	20	-7.046539
248	20	-26.396042
250	20	-44.793716
252	20	-41.652786
254	20	-13.804261
256	20	-5.153687
258	20	-0.608154
260	20	1.773559
262	20	-10.699463
264	20	-41.839477
266	20	-60.825562
268	20	-70.325562
270	20	-86.175171
272	20	-93.628906
274	20	-92.446045
276	20	-89.4104
278	20	-97.760742
280	20	-104.12207
282	20	-100.971191
284	20	-90.348877
286	20	-88.218995
288	20	-102.979736
290	20	-110.048584
292	20	-112.645508
294	20	-121.435058
296	20	-141.849853
298	20	-175.956788
300	20	-211.568238
302	20	-238.161988
304	20	-241.768311
306	20	-218.018921
308	20	-180.970703
310	20	-136.474121
312	20	-89.208252
314	20	-40.643921
316	20	1.541626
318	20	29.409271
320	20	42.997711
322	20	44.637298
324	20	34.901794
326	20	18.30603
328	20	2.309083
330	20	-6.454422
332	20	-11.620544
334	20	-14.853637
336	20	-14.16758
338	20	-11.768853
340	20	-11.848396
342	20	-9.777382
0	21	6.733692
2	21	8.589096
4	21	9.814026
6	21	7.389007
8	21	3.871635
10	21	-2.579391
12	21	-13.945603
14	21	-30.701798
16	21	-52.748917
18	21	-78.575836
20	21	-104.75354
22	21	-126.761566
24	21	-144.682984
26	21	-157.795257
28	21	-163.122146
30	21	-156.740509
32	21	-143.133423
34	21	-131.197708
36	21	-123.025848
38	21	-117.897598
40	21	-112.034531
42	21	-103.83744
44	21	-95.285904
46	21	-87.159447
48	21	-80.513786
50	21	-75.777061
52	21	-71.754577
54	21	-67.36734
56	21	-62.711963
58	21	-56.147415
60	21	-48.302016
62	21	-40.919058
64	21	-33.237672
66	21	-26.134611
68	21	-24.336541
70	21	-27.409521
72	21	-33.413897
74	21	-39.3947
76	21	-44.438271
78	21	-49.223797
80	21	-54.111353
82	21	-57.305883
84	21	-57.231246
86	21	-54.251583
88	21	-47.702948
90	21	-37.093434
92	21	-25.336715
94	21	-16.564361
96	21	-13.4142
98	21	-14.733178
100	21	-17.735794
102	21	-20.824638
104	21	-23.434128
106	21	-26.373085
108	21	-29.425499
110	21	-29.649559
112	21	-26.414466
114	21	-21.842652
116	21	-19.841789
118	21	-18.913055
120	21	-18.190537
122	21	-16.546547
124	21	-12.320641
126	21	-7.8386
128	21	-4.285874
130	21	0.250885
132	21	5.019829
134	21	9.899505
136	21	12.45019
138	21	3.252025
140	21	-14.988072
142	21	-34.187657
144	21	-47.747539
146	21	-48.717045
148	21	-31.756702
150	21	4.763603
152	21	33.889099
154	21	37.163235
156	21	27.353996
158	21	24.230578
160	21	28.685806
162	21	34.780693
164	21	42.519119
166	21	54.376648
168	21	75.910919
170	21	112.628403
172	21	159.164765
174	21	195.850617
176	21	194.454285
178	21	163.829895
180	21	143.522766
182	21	139.78888
184	21	173.856628
186	21	243.666565
188	21	308.196472
190	21	340.178955
192	21	307.392334
194	21	221.162232
196	21	136.518798
198	21	69.971558
200	21	33.158691
202	21	23.234741
204	21	32.799439
206	21	37.848754
208	21	19.28601
210	21	-23.255372
212	21	-98.614869
214	21	-161.980224
216	21	-172.01123
218	21	-125.13855
220	21	-50.611206
222	21	12.051758
224	21	46.576416
226	21	65.93457
228	21	63.064331
230	21	44.418945
232	21	13.926453
234	21	-7.344361
236	21	-15.170166
238	21	-19.834777
240	21	-24.861175
242	21	-26.740509
244	21	-29.989624
246	21	-33.31279
248	21	-41.90433
250	21	-46.857628
252	21	-37.070557
254	21	-14.643403
256	21	-9.99118
258	21	-2.835144
260	21	1.734863
262	21	-8.354004
264	21	-35.594726
266	21	-54.14685
268	21	-62.741577
270	21	-73.80188
272	21	-73.489868
274	21	-65.593506
276	21	-63.145508
278	21	-71.659423
280	21	-72.979736
282	21	-67.434326
284	21	-60.670899
286	21	-66.992431
288	21	-85.351807
290	21	-97.706543
292	21	-102.554687
294	21	-110.409179
296	21	-125.8302
298	21	-155.236206
300	21	-187.701294
302	21	-213.277588
304	21	-217.103699
306	21	-194.973083
308	21	-161.785705
310	21	-122.680176
312	21	-80.363525
314	21	-36.278442
316	21	2.426697
318	21	28.161408
320	21	40.860351
322	21	42.229279
324	21	32.993744
326	21	17.585602
328	21	2.580429
330	21	-5.87352
332	21	-10.850556
334	21	-13.999207
336	21	-13.417633
338	21	-11.220466
340	21	-11.332222
342	21	-9.379715
0	22	6.282257
2	22	7.947018
4	22	8.94622
6	22	6.430404
8	22	2.996475
10	22	-3.158188
12	22	-13.988266
14	22	-30.098618
16	22	-51.334168
18	22	-75.963837
20	22	-100.609757
22	22	-121.479721
24	22	-138.761871
26	22	-151.099609
28	22	-155.67511
30	22	-149.24408
32	22	-136.098633
34	22	-124.719299
36	22	-117.250092
38	22	-112.586456
40	22	-106.908279
42	22	-98.567559
44	22	-89.302047
46	22	-80.81482
48	22	-74.405426
50	22	-70.015587
52	22	-66.304451
54	22	-62.219993
56	22	-57.651566
58	22	-51.295593
60	22	-43.853674
62	22	-36.984324
64	22	-29.66697
66	22	-22.598375
68	22	-20.486104
70	22	-23.375946
72	22	-29.047602
74	22	-34.647466
76	22	-39.394463
78	22	-43.739069
80	22	-48.212169
82	22	-51.117672
84	22	-51.039917
86	22	-48.224874
88	22	-42.215109
90	22	-32.498939
92	22	-21.440464
94	22	-13.064289
96	22	-9.95166
98	22	-11.200417
100	22	-14.19693
102	22	-17.403702
104	22	-20.199424
106	22	-23.263726
108	22	-26.280312
110	22	-26.583626
112	22	-23.676552
114	22	-19.672409
116	22	-17.862167
118	22	-17.034775
120	22	-16.464752
122	22	-15.053352
124	22	-11.19886
126	22	-7.201584
128	22	-3.990707
130	22	0.286308
132	22	4.809575
134	22	9.480759
136	22	11.881124
138	22	3.214685
140	22	-13.793733
142	22	-31.583639
144	22	-44.051174
146	22	-44.723618
148	22	-29.050968
150	22	4.415024
152	22	30.7817
154	22	33.411995
156	22	24.386782
158	22	21.737539
160	22	26.265911
162	22	31.526886
164	22	37.909698
166	22	48.24498
168	22	67.622985
170	22	100.708313
172	22	142.630829
174	22	175.07309
176	22	172.861969
178	22	143.837524
180	22	123.592468
182	22	118.518982
184	22	146.628235
186	22	202.898742
188	22	252.005432
190	22	278.647094
192	22	259.159912
194	22	192.792969
196	22	120.072387
198	22	66.751831
200	22	44.005127
202	22	43.239624
204	22	58.375244
206	22	63.426514
208	22	42.564819
210	22	-3.160279
212	22	-69.558715
214	22	-111.642822
216	22	-126.431519
218	22	-96.074463
220	22	-39.360108
222	22	4.875488
224	22	29.264405
226	22	53.143006
228	22	48.960511
230	22	29.177551
232	22	0.264099
234	22	-21.70282
236	22	-23.20758
238	22	-24.380158
240	22	-26.552124
242	22	-27.101105
244	22	-28.624573
246	22	-29.02478
248	22	-35.489834
250	22	-42.340271
252	22	-36.903168
254	22	-21.773315
256	22	-18.877563
258	22	-9.091797
260	22	1.545837
262	22	-1.401123
264	22	-20.295166
266	22	-34.316772
268	22	-42.838379
270	22	-53.68689
272	22	-53.676636
274	22	-48.534668
276	22	-47.918091
278	22	-51.972412
280	22	-48.54419
282	22	-41.320557
284	22	-39.289307
286	22	-50.318848
288	22	-66.966797
290	22	-81.014405
292	22	-88.272217
294	22	-96.573364
296	22	-109.75415
298	22	-134.485595
300	22	-163.483521
302	22	-188.111145
304	22	-192.693787
306	22	-173.936279
308	22	-145.161621
310	22	-110.629029
312	22	-72.765686
314	22	-32.799622
316	22	2.67804
318	22	26.51712
320	22	38.412171
322	22	39.640381
324	22	30.965714
326	22	16.523483
328	22	2.508041
330	22	-5.349167
332	22	-9.985428
334	22	-13.098198
336	22	-12.680962
338	22	-10.68129
340	22	-10.761483
342	22	-8.891217
0	23	5.96006
2	23	7.35699
4	23	8.287987
6	23	5.822425
8	23	2.482384
10	23	-3.486931
12	23	-13.802491
14	23	-29.137848
16	23	-49.385575
18	23	-72.818145
20	23	-96.200454
22	23	-116.090607
24	23	-132.536209
26	23	-143.826568
28	23	-147.448914
30	23	-140.744873
32	23	-127.810822
34	23	-116.723983
36	23	-109.693192
38	23	-105.728752
40	23	-100.754242
42	23	-92.623176
44	23	-83.14669
46	23	-74.603989
48	23	-68.340096
50	23	-64.018563
52	23	-60.305641
54	23	-56.175278
56	23	-51.638969
58	23	-45.910717
60	23	-39.456181
62	23	-33.24927
64	23	-26.300129
66	23	-19.711805
68	23	-17.830192
70	23	-20.603016
72	23	-25.792971
74	23	-30.747856
76	23	-34.991662
78	23	-39.008344
80	23	-43.18125
82	23	-46.04407
84	23	-46.1894
86	23	-43.724372
88	23	-38.257202
90	23	-29.269757
92	23	-18.870815
94	23	-10.926037
96	23	-7.840046
98	23	-8.999862
100	23	-11.912323
102	23	-15.105278
104	23	-17.93084
106	23	-20.964379
108	23	-23.898934
110	23	-24.246582
112	23	-21.575249
114	23	-18.026642
116	23	-16.337135
118	23	-15.521812
120	23	-14.985382
122	23	-13.707596
124	23	-10.175567
126	23	-6.60228
128	23	-3.683007
130	23	0.325401
132	23	4.599152
134	23	8.996409
136	23	11.218075
138	23	3.096884
140	23	-12.726462
142	23	-29.19872
144	23	-40.686222
146	23	-41.135075
148	23	-26.658421
150	23	4.115906
152	23	28.258709
154	23	30.475216
156	23	22.193622
158	23	19.856765
160	23	24.097306
162	23	28.634841
164	23	34.120575
166	23	43.206284
168	23	60.654328
170	23	90.434525
172	23	127.836014
174	23	156.022079
176	23	152.68164
178	23	125.167755
180	23	105.535004
182	23	99.152893
184	23	120.83963
186	23	165.252075
188	23	202.637451
190	23	223.667236
192	23	209.964905
194	23	158.573669
196	23	100.278748
198	23	57.504455
200	23	40.258728
202	23	39.828613
204	23	53.487488
206	23	58.54895
208	23	41.81012
210	23	3.283753
212	23	-52.486877
214	23	-84.988403
216	23	-98.416138
218	23	-76.083435
220	23	-33.394165
222	23	-1.356628
224	23	14.569458
226	23	31.826294
228	23	28.72992
230	23	12.876404
232	23	-11.966553
234	23	-30.32724
236	23	-29.581329
238	23	-27.964142
240	23	-26.991043
242	23	-24.451264
244	23	-22.434334
246	23	-19.931385
248	23	-24.215439
250	23	-31.286736
252	23	-29.963044
254	23	-20.997895
256	23	-20.973542
258	23	-12.850555
260	23	-1.459534
262	23	-2.016357
264	23	-15.390258
266	23	-24.921875
268	23	-30.655701
270	23	-37.332763
272	23	-34.686524
274	23	-27.868042
276	23	-24.614746
278	23	-25.233277
280	23	-24.468995
282	23	-23.806519
284	23	-26.009278
286	23	-36.550903
288	23	-48.20459
290	23	-60.435791
292	23	-69.107544
294	23	-78.062378
296	23	-90.723023
298	23	-113.363281
300	23	-140.719116
302	23	-164.33551
304	23	-169.856933
306	23	-154.616883
308	23	-130.16394
310	23	-99.672425
312	23	-65.797363
314	23	-29.729675
316	23	2.708465
318	23	24.857574
320	23	36.043335
322	23	37.109528
324	23	28.894333
326	23	15.242645
328	23	2.031906
330	23	-5.28955
332	23	-9.529815
334	23	-12.504341
336	23	-12.121819
338	23	-10.216126
340	23	-10.19217
342	23	-8.361358
0	24	5.568737
2	24	6.929066
4	24	7.880478
6	24	5.502754
8	24	2.246941
10	24	-3.582336
12	24	-13.471359
14	24	-28.100754
16	24	-47.390502
18	24	-69.684754
20	24	-91.841797
22	24	-110.588486
24	24	-125.93097
26	24	-136.179611
28	24	-139.081238
30	24	-132.321076
32	24	-119.794662
34	24	-109.136337
36	24	-102.406326
38	24	-98.735344
40	24	-94.122215
42	24	-86.276337
44	24	-77.087151
46	24	-68.861496
48	24	-62.825089
50	24	-58.679138
52	24	-55.17918
54	24	-51.27295
56	24	-47.019303
58	24	-41.823021
60	24	-35.97891
62	24	-30.175712
64	24	-23.5809
66	24	-17.415011
68	24	-15.677384
70	24	-18.252816
72	24	-23.059393
74	24	-27.650649
76	24	-31.662567
78	24	-35.480805
80	24	-39.37042
82	24	-42.059755
84	24	-42.234009
86	24	-39.988086
88	24	-34.980187
90	24	-26.676012
92	24	-16.977022
94	24	-9.567135
96	24	-6.660507
98	24	-7.761276
100	24	-10.537018
102	24	-13.549163
104	24	-16.219567
106	24	-19.091392
108	24	-21.866119
110	24	-22.218322
112	24	-19.74842
114	24	-16.529015
116	24	-15.001739
118	24	-14.17405
120	24	-13.656304
122	24	-12.467796
124	24	-9.206582
126	24	-5.956062
128	24	-3.27877
130	24	0.467644
132	24	4.470192
134	24	8.532846
136	24	10.52872
138	24	2.944793
140	24	-11.738822
142	24	-26.989624
144	24	-37.571949
146	24	-37.880726
148	24	-24.500545
150	24	3.825852
152	24	25.985446
154	24	27.926357
156	24	20.301399
158	24	18.145274
160	24	21.948967
162	24	25.928543
164	24	30.766174
166	24	38.855004
168	24	54.442291
170	24	80.95488
172	24	113.985458
174	24	138.326752
176	24	134.096939
178	24	108.135193
180	24	89.272705
182	24	81.981537
184	24	97.856202
186	24	131.884429
188	24	159.917023
190	24	175.071167
192	24	163.653137
194	24	123.462952
196	24	78.492249
198	24	45.41809
200	24	31.487366
202	24	30.490174
204	24	40.892334
206	24	45.196289
208	24	33.262452
210	24	5.12323
212	24	-36.510498
214	24	-61.529175
216	24	-72.780578
218	24	-57.541382
220	24	-27.204834
222	24	-5.054748
224	24	5.617431
226	24	17.345642
228	24	15.434235
230	24	4.171296
232	24	-14.611359
234	24	-28.281128
236	24	-27.151215
238	24	-24.838944
240	24	-22.62976
242	24	-19.526199
244	24	-16.458069
246	24	-13.688647
248	24	-16.512783
250	24	-21.753044
252	24	-21.556641
254	24	-16.030671
256	24	-16.791595
258	24	-11.204101
260	24	-2.488068
262	24	-2.726746
264	24	-12.05365
266	24	-18.118775
268	24	-21.561035
270	24	-25.60791
272	24	-22.621765
274	24	-16.425782
276	24	-13.436767
278	24	-14.464966
280	24	-15.571655
282	24	-16.067993
284	24	-17.596679
286	24	-25.141968
288	24	-33.388427
290	24	-43.8479
292	24	-52.585083
294	24	-61.031128
296	24	-72.623779
298	24	-93.075744
300	24	-118.569885
302	24	-141.22815
304	24	-148.041504
306	24	-136.320923
308	24	-115.894104
310	24	-89.408813
312	24	-59.349121
314	24	-26.970337
316	24	2.614227
318	24	23.168976
320	24	33.707459
322	24	34.724564
324	24	26.966339
326	24	14.127777
328	24	1.736404
330	24	-5.159455
332	24	-9.100388
334	24	-11.913879
336	24	-11.601029
338	24	-9.833672
340	24	-9.784882
342	24	-7.989418
0	25	5.276886
2	25	6.635754
4	25	7.59938
6	25	5.304726
8	25	2.133103
10	25	-3.543343
12	25	-13.094032
14	25	-27.16436
16	25	-45.669685
18	25	-66.982483
20	25	-88.041481
22	25	-105.724449
24	25	-120.054855
26	25	-129.452827
28	25	-131.858253
30	25	-125.15992
32	25	-113.072861
34	25	-102.81575
36	25	-96.309349
38	25	-92.72509
40	25	-88.267669
42	25	-80.751556
44	25	-71.9943
46	25	-64.180053
48	25	-58.436234
50	25	-54.479294
52	25	-51.161297
54	25	-47.484821
56	25	-43.50454
58	25	-38.67124
60	25	-33.227609
62	25	-27.790787
64	25	-21.608025
66	25	-15.831259
68	25	-14.182745
70	25	-16.561258
72	25	-21.038116
74	25	-25.334927
76	25	-29.121504
78	25	-32.725852
80	25	-36.375113
82	25	-38.906326
84	25	-39.093158
86	25	-37.027922
88	25	-32.408078
90	25	-24.699461
92	25	-15.628515
94	25	-8.682377
96	25	-5.958095
98	25	-6.9963
100	25	-9.596489
102	25	-12.39817
104	25	-14.875427
106	25	-17.54454
108	25	-20.12149
110	25	-20.445168
112	25	-18.149559
114	25	-15.175323
116	25	-13.777817
118	25	-12.998985
120	25	-12.514099
122	25	-11.408005
124	25	-8.389007
126	25	-5.399155
128	25	-2.934212
130	25	0.547088
132	25	4.26921
134	25	8.015676
136	25	9.811999
138	25	2.764521
140	25	-10.815486
142	25	-24.892867
144	25	-34.606853
146	25	-34.827976
148	25	-22.49179
150	25	3.474098
152	25	23.71952
154	25	25.444427
156	25	18.459902
158	25	16.457719
160	25	19.835762
162	25	23.344319
164	25	27.60157
166	25	34.73346
168	25	48.469269
170	25	71.749955
172	25	100.545151
174	25	121.289856
176	25	116.359024
178	25	92.076538
180	25	73.993454
182	25	65.96936
184	25	76.580658
186	25	100.762665
188	25	119.675537
190	25	128.648987
192	25	118.457032
194	25	88.305115
196	25	55.691528
198	25	32.069946
200	25	22.019196
202	25	21.091736
204	25	28.105377
206	25	30.959564
208	25	22.79953
210	25	3.800842
212	25	-24.083526
214	25	-40.754486
216	25	-48.291412
218	25	-38.287201
220	25	-18.322724
222	25	-3.928742
224	25	2.894135
226	25	10.39209
228	25	9.178254
230	25	1.946838
232	25	-10.230423
234	25	-19.100204
236	25	-18.273056
238	25	-16.589645
240	25	-14.92823
242	25	-12.79755
244	25	-10.703623
246	25	-8.897841
248	25	-10.697956
250	25	-14.063103
252	25	-13.996926
254	25	-10.524491
256	25	-11.061661
258	25	-7.545975
260	25	-1.937805
262	25	-2.034484
264	25	-7.911835
266	25	-11.708069
268	25	-13.910676
270	25	-16.510987
272	25	-14.525025
274	25	-10.440002
276	25	-8.506836
278	25	-9.366943
280	25	-10.334046
282	25	-10.725586
284	25	-11.705749
286	25	-16.845764
288	25	-22.690735
290	25	-30.521424
292	25	-37.633361
294	25	-44.937194
296	25	-55.289185
298	25	-73.524719
300	25	-97.04419
302	25	-118.849609
304	25	-127.03247
306	25	-118.694092
308	25	-102.123779
310	25	-79.586609
312	25	-53.300263
314	25	-24.453582
316	25	2.381927
318	25	21.368866
320	25	31.28183
322	25	32.320465
324	25	25.114762
326	25	13.164673
328	25	1.610962
330	25	-4.87146
332	25	-8.608184
334	25	-11.321266
336	25	-11.084984
338	25	-9.456268
340	25	-9.425751
342	25	-7.684746
