0	1	39.584255
2	1	45.520708
4	1	55.850377
6	1	60.692835
8	1	68.559877
10	1	78.065212
12	1	84.612874
14	1	89.911735
16	1	96.361229
18	1	105.199208
20	1	116.33384
22	1	126.154922
24	1	130.68679
26	1	127.526947
28	1	117.019089
30	1	103.296921
32	1	89.912888
34	1	78.274765
36	1	67.777557
38	1	58.705444
40	1	51.330963
42	1	45.165879
44	1	40.384751
46	1	37.994034
48	1	35.033325
50	1	28.300964
52	1	17.437774
54	1	3.181068
56	1	-12.888199
58	1	-29.140097
60	1	-45.355568
62	1	-61.920258
64	1	-78.348213
66	1	-92.393653
68	1	-103.153633
70	1	-111.138092
72	1	-116.163818
74	1	-118.055145
76	1	-116.987549
78	1	-113.202804
80	1	-107.874512
82	1	-102.688965
84	1	-101.301964
86	1	-103.780754
88	1	-99.777664
90	1	-75.867694
92	1	-32.301654
94	1	7.453178
96	1	18.816681
98	1	5.529434
100	1	-8.28328
102	1	-6.199333
104	1	17.357773
106	1	63.817321
108	1	125.818482
110	1	186.523514
112	1	228.041321
114	1	237.580246
116	1	217.600387
118	1	184.060776
120	1	153.949096
122	1	139.548034
124	1	142.17511
126	1	159.647126
128	1	186.635589
130	1	202.832566
132	1	179.492066
134	1	114.012008
136	1	43.556473
138	1	8.377106
140	1	19.403672
142	1	45.75386
144	1	61.538498
146	1	67.611359
148	1	81.288208
150	1	129.871986
152	1	212.625733
154	1	323.047386
156	1	456.99184
158	1	596.996276
160	1	756.661179
162	1	937.612015
164	1	1120.018859
166	1	1282.169434
168	1	1408.998719
170	1	1529.768005
172	1	1707.011962
174	1	2000.612487
176	1	2315.58841
178	1	2293.912964
180	1	1680.659393
182	1	856.749061
184	1	411.050216
186	1	298.273503
188	1	280.025242
190	1	269.812187
192	1	230.574579
194	1	179.370514
196	1	145.939819
198	1	149.348023
200	1	180.941102
202	1	219.097229
204	1	250.423096
206	1	277.759766
208	1	308.026123
210	1	341.006104
212	1	369.043213
214	1	383.910888
216	1	383.331543
218	1	371.143311
220	1	351.904785
222	1	326.331788
224	1	292.278076
226	1	249.174072
228	1	200.311768
230	1	151.230712
232	1	105.958008
234	1	65.245361
236	1	28.582032
238	1	-4.058594
240	1	-32.599487
242	1	-57.636597
244	1	-79.657959
246	1	-98.107117
248	1	-112.363159
250	1	-123.226601
252	1	-132.265335
254	1	-139.845459
256	1	-145.193909
258	1	-148.250489
260	1	-149.993042
262	1	-150.97168
264	1	-151.12915
266	1	-151.020508
268	1	-151.347656
270	1	-151.509766
272	1	-150.574951
274	1	-149.473145
276	1	-150.151611
278	1	-152.935302
280	1	-156.265381
282	1	-157.712646
284	1	-153.911133
286	1	-141.436035
288	1	-119.575195
290	1	-92.118164
292	1	-65.948242
294	1	-49.114624
296	1	-51.103455
298	1	-76.259033
300	1	-114.123413
302	1	-141.805054
304	1	-153.632142
306	1	-157.334625
308	1	-152.132141
310	1	-127.923493
312	1	-95.699311
314	1	-81.14978
316	1	-82.292633
318	1	-77.743744
320	1	-63.548661
322	1	-51.894989
324	1	-52.389068
326	1	-60.485153
328	1	-67.529831
330	1	-67.199799
332	1	-57.095307
334	1	-43.336692
336	1	-33.607449
338	1	-27.411705
340	1	-23.452654
342	1	-16.530778
0	2	70.410971
2	2	91.872402
4	2	123.875929
6	2	141.453702
8	2	160.66408
10	2	174.637582
12	2	180.368697
14	2	180.142988
16	2	179.061867
18	2	180.668068
20	2	186.852592
22	2	193.910721
24	2	198.074218
26	2	196.904342
28	2	190.343918
30	2	181.09877
32	2	172.223267
34	2	165.178268
36	2	159.205414
38	2	153.031799
40	2	146.384979
42	2	139.35263
44	2	133.017791
46	2	128.012161
48	2	122.192627
50	2	112.123474
52	2	96.678727
54	2	77.24028
56	2	56.434433
58	2	35.86287
60	2	14.769291
62	2	-8.109149
64	2	-31.199034
66	2	-51.85648
68	2	-69.038414
70	2	-82.542046
72	2	-92.747391
74	2	-99.3535
76	2	-101.489579
78	2	-99.749176
80	2	-95.684371
82	2	-91.380157
84	2	-91.55703
86	2	-95.776771
88	2	-91.125885
90	2	-59.630661
92	2	-3.792721
94	2	44.614899
96	2	55.409775
98	2	34.934754
100	2	14.940522
102	2	15.873154
104	2	45.06015
106	2	108.158524
108	2	202.296769
110	2	308.546723
112	2	394.504013
114	2	433.291016
116	2	415.877716
118	2	362.304047
120	2	309.320649
122	2	278.933105
124	2	274.478776
126	2	290.403686
128	2	312.534637
130	2	318.189515
132	2	295.267716
134	2	249.799774
136	2	195.343689
138	2	162.817413
140	2	157.165497
142	2	161.070709
144	2	157.980072
146	2	150.725174
148	2	163.007675
150	2	206.723938
152	2	296.630587
154	2	423.342148
156	2	566.971413
158	2	720.359559
160	2	886.747524
162	2	1069.553863
164	2	1259.509308
166	2	1425.834015
168	2	1526.175964
170	2	1529.778076
172	2	1435.173889
174	2	1319.797424
176	2	1443.51184
178	2	1704.599731
180	2	1461.129272
182	2	759.514541
184	2	332.748901
186	2	248.73856
188	2	264.053207
190	2	283.646628
192	2	273.259384
194	2	234.61499
196	2	201.076172
198	2	198.048767
200	2	226.729493
202	2	271.573853
204	2	316.389648
206	2	355.084717
208	2	387.805908
210	2	414.401123
212	2	430.644288
214	2	430.968506
216	2	413.978272
218	2	383.206543
220	2	343.633545
222	2	298.775391
224	2	249.921387
226	2	197.563232
228	2	143.499268
230	2	90.637939
232	2	41.62378
234	2	-1.669189
236	2	-38.384521
238	2	-68.434327
240	2	-92.475342
242	2	-111.86853
244	2	-127.725342
246	2	-140.092102
248	2	-148.649261
250	2	-154.037297
252	2	-157.377136
254	2	-159.027344
256	2	-158.626831
258	2	-156.424805
260	2	-153.617676
262	2	-151.184326
264	2	-149.675537
266	2	-149.979004
268	2	-152.919922
270	2	-157.989746
272	2	-164.046387
274	2	-171.180665
276	2	-180.148926
278	2	-190.198242
280	2	-198.927246
282	2	-203.367187
284	2	-200.21582
286	2	-186.807373
288	2	-163.476562
290	2	-134.147949
292	2	-104.525147
294	2	-82.350708
296	2	-80.35022
298	2	-111.313355
300	2	-163.324036
302	2	-205.507508
304	2	-228.172486
306	2	-231.781799
308	2	-212.575867
310	2	-165.442688
312	2	-124.265625
314	2	-112.673493
316	2	-113.158326
318	2	-106.844055
320	2	-90.302948
322	2	-76.23288
324	2	-74.4328
326	2	-82.855011
328	2	-91.518586
330	2	-93.175522
332	2	-83.440918
334	2	-66.868119
336	2	-54.275398
338	2	-44.46635
340	2	-35.606676
342	2	-23.41398
0	3	79.096194
2	3	104.479144
4	3	147.984814
6	3	173.695718
8	3	203.877299
10	3	226.745348
12	3	241.726874
14	3	251.075497
16	3	257.113128
18	3	262.721649
20	3	270.10286
22	3	278.380569
24	3	282.955872
26	3	281.002579
28	3	272.387222
30	3	260.012055
32	3	245.739959
34	3	231.802276
36	3	218.859223
38	3	206.49881
40	3	192.220184
42	3	177.355988
44	3	165.78534
46	3	157.170136
48	3	147.586731
50	3	135.3302
52	3	118.858978
54	3	98.806381
56	3	77.405426
58	3	56.080604
60	3	34.306778
62	3	11.461041
64	3	-10.983434
66	3	-30.830034
68	3	-46.336132
70	3	-57.904045
72	3	-66.887566
74	3	-72.067123
76	3	-72.374535
78	3	-68.689347
80	3	-62.986694
82	3	-57.480758
84	3	-56.102265
86	3	-57.551658
88	3	-48.816581
90	3	-12.589497
92	3	44.034317
94	3	91.44487
96	3	102.601486
98	3	82.427902
100	3	61.494522
102	3	62.293701
104	3	93.799377
106	3	159.220367
108	3	253.782852
110	3	358.127441
112	3	439.043457
114	3	463.714172
116	3	426.078217
118	3	353.520416
120	3	286.824402
122	3	249.350708
124	3	240.792968
126	3	250.482345
128	3	264.398819
130	3	266.552368
132	3	250.137116
134	3	217.413727
136	3	178.814423
138	3	149.767899
140	3	126.58638
142	3	102.155701
144	3	77.146469
146	3	57.376511
148	3	57.729492
150	3	94.965774
152	3	172.630406
154	3	269.577355
156	3	373.425125
158	3	485.048714
160	3	599.746595
162	3	714.866089
164	3	822.525467
166	3	899.378479
168	3	914.225708
170	3	844.078491
172	3	718.879211
174	3	586.549988
176	3	489.307434
178	3	571.682983
180	3	625.974243
182	3	498.715728
184	3	290.998864
186	3	188.631834
188	3	184.997958
190	3	238.686371
192	3	279.287902
194	3	278.444214
196	3	258.514649
198	3	253.707153
200	3	279.967651
202	3	332.762817
204	3	395.683837
206	3	452.356445
208	3	492.230469
210	3	511.959961
212	3	510.933593
214	3	488.698487
216	3	447.417969
218	3	392.131836
220	3	328.026856
222	3	259.239746
224	3	189.293702
226	3	121.022949
228	3	56.368164
230	3	-2.664551
232	3	-53.790527
234	3	-95.421631
236	3	-127.145264
238	3	-149.55249
240	3	-163.871826
242	3	-171.606689
244	3	-174.338257
246	3	-173.563782
248	3	-170.352142
250	3	-165.315848
252	3	-158.519013
254	3	-149.837341
256	3	-139.305909
258	3	-127.546875
260	3	-116.010498
262	3	-106.610352
264	3	-101.080811
266	3	-100.668457
268	3	-106.086426
270	3	-117.297851
272	3	-133.57666
274	3	-154.073731
276	3	-177.835938
278	3	-202.861328
280	3	-225.821289
282	3	-242.948731
284	3	-250.796387
286	3	-246.832031
288	3	-230.563965
290	3	-204.054199
292	3	-171.835938
294	3	-143.632568
296	3	-140.042115
298	3	-178.820556
300	3	-238.473633
302	3	-280.113526
304	3	-293.263367
306	3	-278.396546
308	3	-242.112915
310	3	-190.925171
312	3	-153.729798
314	3	-134.760315
316	3	-122.971863
318	3	-109.577759
320	3	-94.787323
322	3	-87.642578
324	3	-92.591095
326	3	-104.819901
328	3	-113.39914
330	3	-111.326431
332	3	-98.815689
334	3	-79.011306
336	3	-63.871116
338	3	-51.682629
340	3	-40.743512
342	3	-26.93268
0	4	73.628106
2	4	97.136406
4	4	140.490511
6	4	165.608913
8	4	195.80323
10	4	217.621567
12	4	233.077744
14	4	246.204139
16	4	257.332847
18	4	267.609619
20	4	276.334503
22	4	283.712952
24	4	287.338578
26	4	283.862473
28	4	274.006943
30	4	259.173096
32	4	242.131683
34	4	225.035065
36	4	208.145294
38	4	192.698303
40	4	177.406677
42	4	163.331299
44	4	152.954529
46	4	144.983398
48	4	136.857208
50	4	126.245392
52	4	112.340225
54	4	95.250946
56	4	76.444152
58	4	56.547745
60	4	35.412316
62	4	13.61903
64	4	-7.593932
66	4	-26.361209
68	4	-41.471348
70	4	-52.956269
72	4	-60.86647
74	4	-64.679268
76	4	-64.252281
78	4	-60.995582
80	4	-56.08567
82	4	-51.504082
84	4	-49.38015
86	4	-47.495598
88	4	-34.390026
90	4	-0.334944
92	4	45.377846
94	4	83.065963
96	4	94.895142
98	4	81.4617
100	4	63.909027
102	4	62.012252
104	4	86.372619
106	4	139.892654
108	4	216.021241
110	4	296.449585
112	4	352.071899
114	4	358.614624
116	4	317.244995
118	4	255.14859
120	4	203.511322
122	4	176.484985
124	4	172.560883
126	4	183.523194
128	4	199.519546
130	4	209.842834
132	4	206.421219
134	4	188.63588
136	4	159.682419
138	4	124.994202
140	4	84.871383
142	4	42.341751
144	4	1.262818
146	4	-34.193954
148	4	-50.104653
150	4	-32.738419
152	4	16.835014
154	4	85.122971
156	4	162.333829
158	4	241.675034
160	4	319.8974
162	4	399.914864
164	4	475.306526
166	4	525.140931
168	4	525.41153
170	4	465.715882
172	4	361.985229
174	4	241.689209
176	4	126.840881
178	4	98.330932
180	4	140.631348
182	4	146.768402
184	4	144.627472
186	4	127.367615
188	4	136.786896
190	4	189.380981
192	4	256.379883
194	4	292.150635
196	4	298.088501
198	4	304.945679
200	4	339.216797
202	4	406.770263
204	4	492.392578
206	4	571.869629
208	4	624.0625
210	4	638.807617
212	4	616.028076
214	4	562.828369
216	4	489.975586
218	4	406.761719
220	4	318.083496
222	4	226.173828
224	4	134.293945
226	4	47.20166
228	4	-31.050781
230	4	-98.02002
232	4	-152.270996
234	4	-193.142578
236	4	-220.920166
238	4	-236.729248
240	4	-242.101074
242	4	-238.68457
244	4	-228.497925
246	4	-214.053345
248	4	-197.508239
250	4	-179.906449
252	4	-161.157074
254	4	-140.973633
256	4	-119.573731
258	4	-97.868896
260	4	-77.684814
262	4	-61.635498
264	4	-52.294434
266	4	-51.528808
268	4	-60.54834
270	4	-79.791504
272	4	-108.470215
274	4	-144.849609
276	4	-186.791992
278	4	-231.177735
280	4	-273.444824
282	4	-308.729004
284	4	-333.022949
286	4	-343.06543
288	4	-336.498535
290	4	-313.05835
292	4	-276.792236
294	4	-242.437256
296	4	-238.948975
298	4	-279.404663
300	4	-328.956909
302	4	-352.754273
304	4	-346.983033
306	4	-316.023925
308	4	-271.203247
310	4	-222.179931
312	4	-183.596985
314	4	-150.426208
316	4	-123.751037
318	4	-102.739319
320	4	-91.09259
322	4	-92.678711
324	4	-104.261718
326	4	-117.793762
328	4	-125.514084
330	4	-122.227767
332	4	-108.10733
334	4	-86.079147
336	4	-68.786011
338	4	-54.635616
340	4	-42.993699
342	4	-28.867692
0	5	67.352543
2	5	88.512359
4	5	129.398416
6	5	152.349781
8	5	179.453705
10	5	198.773331
12	5	211.438171
14	5	221.289795
16	5	230.662674
18	5	240.071327
20	5	247.901
22	5	254.625779
24	5	257.240875
26	5	253.310242
28	5	243.730027
30	5	229.481262
32	5	213.275543
34	5	197.039124
36	5	182.206635
38	5	168.374878
40	5	155.544617
42	5	143.707977
44	5	133.338104
46	5	125.003967
48	5	117.782532
50	5	109.722107
52	5	99.705322
54	5	86.809205
56	5	71.496964
58	5	54.389649
60	5	36.045929
62	5	16.930649
64	5	-1.98678
66	5	-19.293085
68	5	-33.840332
70	5	-44.883209
72	5	-51.838776
74	5	-54.972565
76	5	-54.727379
78	5	-51.922134
80	5	-47.488411
82	5	-43.387588
84	5	-40.307159
86	5	-35.197899
88	5	-19.405309
90	5	9.286762
92	5	41.32235
94	5	66.346252
96	5	76.373062
98	5	70.929169
100	5	60.299209
102	5	57.575119
104	5	72.998948
106	5	109.472107
108	5	161.235352
110	5	214.240387
112	5	248.202698
114	5	246.814056
116	5	212.97464
118	5	166.639618
120	5	128.296386
122	5	108.307404
124	5	107.644303
126	5	121.49057
128	5	142.502914
130	5	162.65953
132	5	174.451447
134	5	170.853226
136	5	146.723136
138	5	104.37851
140	5	49.438599
142	5	-7.784332
144	5	-62.961311
146	5	-112.93787
148	5	-145.70554
150	5	-150.7052
152	5	-125.63588
154	5	-76.333801
156	5	-12.899414
158	5	54.163696
160	5	123.403595
162	5	195.956983
164	5	260.492683
166	5	300.672203
168	5	303.13324
170	5	262.66507
172	5	188.654663
174	5	101.552979
176	5	22.329467
178	5	-8.223572
180	5	16.418763
182	5	64.224243
184	5	105.578491
186	5	148.537597
188	5	178.534546
190	5	212.457763
192	5	260.216797
194	5	303.123901
196	5	330.215699
198	5	360.151611
200	5	417.522217
202	5	510.400879
204	5	622.46875
206	5	724.405273
208	5	787.73584
210	5	796.003173
212	5	749.007568
214	5	661.193848
216	5	552.604492
218	5	438.282226
220	5	324.42334
222	5	212.099609
224	5	103.101075
226	5	1.953613
228	5	-86.350097
230	5	-158.872071
232	5	-214.964356
234	5	-255.247803
236	5	-280.786866
238	5	-292.898193
240	5	-293.260254
242	5	-283.891113
244	5	-267.041138
246	5	-245.049439
248	5	-219.982056
250	5	-193.414197
252	5	-166.211182
254	5	-138.729004
256	5	-111.357911
258	5	-85.105713
260	5	-61.936035
262	5	-44.562256
264	5	-35.814942
266	5	-38.291504
268	5	-54.115723
270	5	-84.041992
272	5	-126.797363
274	5	-179.769042
276	5	-239.759277
278	5	-302.401367
280	5	-361.983887
282	5	-412.876465
284	5	-450.519043
286	5	-470.744628
288	5	-469.445312
290	5	-444.496582
292	5	-401.58374
294	5	-362.337646
296	5	-357.787598
298	5	-387.782959
300	5	-412.030517
302	5	-411.922729
304	5	-391.135987
306	5	-354.217896
308	5	-306.377808
310	5	-255.030029
312	5	-205.004639
314	5	-157.11676
316	5	-121.340271
318	5	-97.186401
320	5	-88.531647
322	5	-95.280792
324	5	-110.699066
326	5	-125.634857
328	5	-132.933807
330	5	-129.645675
332	5	-115.219665
334	5	-90.769073
336	5	-70.669716
338	5	-55.340278
340	5	-43.793682
342	5	-29.896425
0	6	61.993625
2	6	79.651392
4	6	115.190874
6	6	134.995762
8	6	158.916199
10	6	175.412041
12	6	184.698365
14	6	191.205429
16	6	198.181869
18	6	205.356568
20	6	211.994064
22	6	217.321045
24	6	218.366623
26	6	214.122696
28	6	205.46698
30	6	193.281281
32	6	179.685486
34	6	166.350068
36	6	154.27591
38	6	143.082
40	6	132.576416
42	6	122.076049
44	6	112.239288
46	6	104.270386
48	6	98.377319
50	6	93.034759
52	6	86.643387
54	6	77.791076
56	6	66.11
58	6	52.172516
60	6	36.923301
62	6	20.89571
64	6	4.569528
66	6	-11.048956
68	6	-24.61132
70	6	-35.04879
72	6	-41.604447
74	6	-44.30439
76	6	-44.300667
78	6	-42.477501
80	6	-39.005058
82	6	-35.161782
84	6	-30.795112
86	6	-22.99791
88	6	-7.030136
90	6	14.964325
92	6	35.306854
94	6	50.832001
96	6	60.005356
98	6	60.826965
100	6	55.366852
102	6	51.17543
104	6	56.356873
106	6	73.707992
108	6	100.423828
110	6	128.177247
112	6	144.364776
114	6	139.390503
116	6	115.875946
118	6	85.195007
120	6	59.542725
122	6	46.827606
124	6	49.799835
126	6	66.571243
128	6	92.967926
130	6	123.99128
132	6	150.915153
134	6	159.953335
136	6	139.357261
138	6	90.945282
140	6	26.554322
142	6	-40.220864
144	6	-105.93841
146	6	-167.562676
148	6	-214.904125
150	6	-237.222601
152	6	-227.645034
154	6	-187.278152
156	6	-126.20993
158	6	-57.652405
160	6	13.789337
162	6	83.215729
164	6	138.314919
166	6	172.109329
168	6	181.14568
170	6	162.948623
172	6	123.420197
174	6	78.527619
176	6	40.444061
178	6	31.424866
180	6	64.335449
182	6	122.82428
184	6	188.643067
186	6	250.590759
188	6	297.785644
190	6	319.988403
192	6	333.883179
194	6	352.756226
196	6	380.186401
198	6	429.464599
200	6	514.826416
202	6	636.325684
204	6	772.472168
206	6	890.151367
208	6	957.368409
210	6	955.479248
212	6	886.039062
214	6	768.288574
216	6	627.746094
218	6	484.025391
220	6	346.4375
222	6	217.227539
224	6	97.226074
226	6	-10.71875
228	6	-102.587403
230	6	-175.914062
232	6	-230.913086
234	6	-269.384277
236	6	-293.197998
238	6	-303.925537
240	6	-303.342041
242	6	-293.621582
244	6	-276.833862
246	6	-254.539673
248	6	-228.106262
250	6	-199.314495
252	6	-170.112793
254	6	-141.911987
256	6	-115.585205
258	6	-92.17334
260	6	-73.389649
262	6	-61.550049
264	6	-59.33252
266	6	-69.687988
268	6	-95.21875
270	6	-136.794434
272	6	-192.841309
274	6	-260.036133
276	6	-333.984863
278	6	-409.094239
280	6	-478.992188
282	6	-537.757324
284	6	-580.356446
286	6	-601.835449
288	6	-597.324219
290	6	-565.457519
292	6	-516.135254
294	6	-475.294189
296	6	-466.367432
298	6	-476.110351
300	6	-472.810303
302	6	-453.423217
304	6	-425.18396
306	6	-386.191894
308	6	-334.13208
310	6	-278.276489
312	6	-216.758423
314	6	-160.896363
316	6	-119.615783
318	6	-94.293457
320	6	-88.713074
322	6	-98.653412
324	6	-115.124573
326	6	-129.433899
328	6	-135.375443
330	6	-130.683929
332	6	-115.3414
334	6	-90.20369
336	6	-69.433617
338	6	-54.318291
340	6	-43.442223
342	6	-30.081154
0	7	56.853909
2	7	71.634138
4	7	101.974493
6	7	118.096779
8	7	137.845855
10	7	151.583176
12	7	158.188888
14	7	162.030594
16	7	166.031685
18	7	170.642243
20	7	175.237351
22	7	178.548203
24	7	178.156296
26	7	173.470993
28	7	165.861313
30	7	156.725128
32	7	146.783447
34	7	137.047516
36	7	128.61084
38	7	120.369446
40	7	112.029419
42	7	102.955475
44	7	93.829101
46	7	86.640991
48	7	82.31102
50	7	79.44165
52	7	76.019272
54	7	70.341599
56	7	61.754227
58	7	50.669953
60	7	38.140396
62	7	24.830219
64	7	10.920345
66	7	-2.923608
68	7	-15.365226
70	7	-24.969094
72	7	-31.018188
74	7	-33.738839
76	7	-34.17662
78	7	-33.228767
80	7	-30.89463
82	7	-27.661323
84	7	-22.882316
86	7	-14.013492
88	7	0.770211
90	7	16.853196
92	7	28.442703
94	7	36.877411
96	7	45.020523
98	7	49.991073
100	7	48.118713
102	7	41.90213
104	7	36.634049
106	7	35.321121
108	7	38.950379
110	7	45.629136
112	7	50.178009
114	7	47.648285
116	7	37.018249
118	7	21.215179
120	7	6.326935
122	7	-1.008316
124	7	3.83403
126	7	22.335159
128	7	54.420365
130	7	95.973846
132	7	135.638527
134	7	153.900168
136	7	135.990345
138	7	84.211529
140	7	14.739471
142	7	-57.591979
144	7	-130.072731
146	7	-199.051514
148	7	-254.861185
150	7	-286.48693
152	7	-285.624756
154	7	-249.40158
156	7	-185.14209
158	7	-110.219421
160	7	-37.180756
162	7	24.802246
164	7	69.171341
166	7	98.516289
168	7	115.556622
170	7	119.410915
172	7	111.937988
174	7	102.693893
176	7	97.516906
178	7	106.783722
180	7	145.057617
182	7	206.65039
184	7	279.927368
186	7	361.238281
188	7	428.548706
190	7	459.982788
192	7	460.561279
194	7	451.526611
196	7	454.841308
198	7	495.709229
200	7	588.461426
202	7	726.224365
204	7	878.604248
206	7	1005.993164
208	7	1074.576416
210	7	1066.458985
212	7	984.568848
214	7	848.89795
216	7	686.139648
218	7	519.144043
220	7	361.851075
222	7	219.770996
224	7	93.96045
226	7	-14.641113
228	7	-104.064453
230	7	-173.177246
232	7	-223.192871
234	7	-256.930664
236	7	-277.146484
238	7	-285.930176
240	7	-285.213135
242	7	-277.035644
244	7	-263.018188
246	7	-244.056396
248	7	-221.009826
250	7	-195.634862
252	7	-170.388092
254	7	-147.389526
256	7	-128.001831
258	7	-113.272705
260	7	-104.442627
262	7	-103.156006
264	7	-111.574219
266	7	-132.301269
268	7	-167.626954
270	7	-218.257812
272	7	-282.631347
274	7	-357.168945
276	7	-436.78125
278	7	-515.347168
280	7	-586.560547
282	7	-644.764649
284	7	-684.913574
286	7	-701.910156
288	7	-691.412598
290	7	-654.500976
292	7	-604.553711
294	7	-565.019531
296	7	-546.498535
298	7	-532.02124
300	7	-505.809814
302	7	-474.823243
304	7	-444.474366
306	7	-403.578736
308	7	-348.715088
310	7	-288.185181
312	7	-222.007568
314	7	-162.622131
316	7	-117.006042
318	7	-91.839782
320	7	-88.644226
322	7	-100.294006
324	7	-116.839859
326	7	-130.038009
328	7	-134.568253
330	7	-128.388992
332	7	-111.764236
334	7	-86.430587
336	7	-66.07537
338	7	-52.183273
340	7	-42.38134
342	7	-29.551567
0	8	51.768559
2	8	64.638658
4	8	92.004717
6	8	104.877625
8	8	120.694699
10	8	131.420433
12	8	135.323036
14	8	136.408036
16	8	137.522369
18	8	139.613174
20	8	141.774673
22	8	142.457367
24	8	140.26677
26	8	135.330307
28	8	129.162232
30	8	122.935272
32	8	116.784988
34	8	110.653138
36	8	105.196075
38	8	99.905365
40	8	93.786255
42	8	86.374176
44	8	78.38591
46	8	72.365997
48	8	69.544448
50	8	68.662994
52	8	67.423325
54	8	64.036942
56	8	57.795762
58	8	48.928948
60	8	38.443428
62	8	27.160667
64	8	15.189389
66	8	2.979225
68	8	-8.190273
70	8	-16.900326
72	8	-22.456863
74	8	-25.231346
76	8	-26.198105
78	8	-25.980499
80	8	-24.526962
82	8	-21.95089
84	8	-17.263477
86	8	-8.421059
88	8	4.567019
90	8	16.181282
92	8	22.081329
94	8	25.93071
96	8	32.911606
98	8	39.932418
100	8	40.11055
102	8	31.806656
104	8	17.174057
106	8	-0.608185
108	8	-16.368698
110	8	-25.280288
112	8	-26.151108
114	8	-22.818955
116	8	-21.275452
118	8	-24.998886
120	8	-31.853699
122	8	-35.757447
124	8	-30.190705
126	8	-9.471894
128	8	27.922654
130	8	78.230371
132	8	127.198509
134	8	150.969669
136	8	133.96421
138	8	80.894813
140	8	10.166719
142	8	-64.473937
144	8	-140.189242
146	8	-211.871979
148	8	-270.216801
150	8	-305.811402
152	8	-310.100097
154	8	-275.059845
156	8	-205.884217
158	8	-125.789551
160	8	-54.658203
162	8	-2.368316
164	8	32.095977
166	8	58.19519
168	8	82.592293
170	8	105.712755
172	8	125.056987
174	8	142.820801
176	8	158.450379
178	8	177.064911
180	8	215.545227
182	8	277.752259
184	8	355.720459
186	8	446.842163
188	8	533.154663
190	8	584.278686
192	8	593.413086
194	8	572.321533
196	8	541.95752
198	8	539.82788
200	8	595.573487
202	8	713.727784
204	8	866.209961
206	8	1005.271972
208	8	1086.729004
210	8	1087.187012
212	8	1008.087891
214	8	868.652832
216	8	695.554687
218	8	514.320313
220	8	343.701661
222	8	193.413086
224	8	66.137207
226	8	-38.11914
228	8	-119.543457
230	8	-179.071289
232	8	-219.395508
234	8	-244.403808
236	8	-257.703613
238	8	-261.938232
240	8	-259.168213
242	8	-251.150879
244	8	-239.082398
246	8	-223.605468
248	8	-205.506897
250	8	-186.457134
252	8	-168.755371
254	8	-154.481079
256	8	-145.065551
258	8	-141.416992
260	8	-144.245117
262	8	-154.458496
264	8	-173.433594
266	8	-202.874512
268	8	-244.170899
270	8	-297.582519
272	8	-361.716308
274	8	-433.370606
276	8	-507.795899
278	8	-579.452637
280	8	-643.03125
282	8	-694.016114
284	8	-728.304199
286	8	-741.592285
288	8	-730.783692
290	8	-698.645019
292	8	-657.333496
294	8	-620.984863
296	8	-589.851562
298	8	-553.682129
300	8	-512.572266
302	8	-478.202392
304	8	-447.743164
306	8	-405.578613
308	8	-348.903564
310	8	-285.837768
312	8	-220.782837
314	8	-160.412842
316	8	-113.438415
318	8	-89.461335
320	8	-87.74524
322	8	-99.831482
324	8	-115.623139
326	8	-127.437455
328	8	-130.699921
330	8	-123.435012
332	8	-105.986542
334	8	-81.007812
336	8	-61.831756
338	8	-49.565987
340	8	-40.85344
342	8	-28.439102
0	9	49.896125
2	9	61.472389
4	9	88.299002
6	9	96.875408
8	9	108.306476
10	9	114.292541
12	9	114.047531
14	9	112.494613
16	9	111.618119
18	9	111.761779
20	9	111.692307
22	9	110.046692
24	9	106.315399
26	9	101.352646
28	9	96.441773
30	9	92.608139
32	9	89.879303
34	9	87.113861
36	9	84.042038
38	9	81.100083
40	9	77.215302
42	9	71.872788
44	9	65.489914
46	9	60.7155
48	9	59.13884
50	9	59.638595
52	9	59.920608
54	9	58.157593
56	9	53.631637
58	9	46.476929
60	9	37.491684
62	9	27.607002
64	9	17.099685
66	9	6.39801
68	9	-3.399334
70	9	-11.107059
72	9	-16.125057
74	9	-18.882004
76	9	-20.199875
78	9	-20.533012
80	9	-19.806881
82	9	-17.837913
84	9	-13.558304
86	9	-5.390228
88	9	5.676385
90	9	14.130973
92	9	16.595223
94	9	17.554489
96	9	23.192505
98	9	30.77446
100	9	32.021912
102	9	21.79477
104	9	-0.763412
106	9	-31.897736
108	9	-62.126144
110	9	-80.845627
112	9	-83.111328
114	9	-73.45488
116	9	-61.945327
118	9	-56.477814
120	9	-57.616409
122	9	-59.556351
124	9	-52.934471
126	9	-30.248253
128	9	11.26374
130	9	67.829833
132	9	122.415939
134	9	149.044594
136	9	132.525288
138	9	79.519353
140	9	9.598427
142	9	-64.594996
144	9	-140.094943
146	9	-210.726355
148	9	-267.996403
150	9	-304.825974
152	9	-312.092499
154	9	-276.684143
156	9	-203.4693
158	9	-121.267578
160	9	-54.540345
162	9	-12.015564
164	9	13.213775
166	9	36.27359
168	9	66.81456
170	9	104.915776
172	9	143.832664
174	9	179.895584
176	9	208.816742
178	9	230.877014
180	9	265.198364
182	9	325.521301
184	9	407.412964
186	9	506.702759
188	9	605.973266
190	9	675.300293
192	9	700.122314
194	9	681.419433
196	9	627.579589
198	9	572.077636
200	9	556.473633
202	9	608.730468
204	9	723.291504
206	9	859.308594
208	9	961.4375
210	9	988.851074
212	9	931.155274
214	9	803.903809
216	9	634.511719
218	9	451.369628
220	9	277.274414
222	9	126.055176
224	9	3.133301
226	9	-91.330566
228	9	-159.584961
230	9	-205.101563
232	9	-232.26416
234	9	-245.748047
236	9	-249.595459
238	9	-246.794433
240	9	-239.497314
242	9	-229.277832
244	9	-217.194825
246	9	-203.953369
248	9	-190.348206
250	9	-177.685344
252	9	-167.635803
254	9	-161.830079
256	9	-161.485596
258	9	-167.24121
260	9	-179.244385
262	9	-197.59668
264	9	-222.711914
266	9	-255.181152
268	9	-295.375488
270	9	-343.120605
272	9	-397.400391
274	9	-455.99707
276	9	-515.513184
278	9	-572.074707
280	9	-622.249024
282	9	-663.34082
284	9	-692.718262
286	9	-707.198243
288	9	-704.580078
290	9	-686.955567
292	9	-660.792968
294	9	-630.099122
296	9	-591.940429
298	9	-545.367432
300	9	-500.809814
302	9	-467.483154
304	9	-436.403564
306	9	-392.586304
308	9	-334.045166
310	9	-274.151001
312	9	-213.154907
314	9	-154.019958
316	9	-108.99469
318	9	-87.106048
320	9	-86.117096
322	9	-97.381531
324	9	-111.606369
326	9	-121.900788
328	9	-124.138031
330	9	-116.255798
332	9	-98.732178
334	9	-75.030548
336	9	-57.614533
338	9	-46.957252
340	9	-39.139695
342	9	-27.041726
0	10	51.006445
2	10	61.108045
4	10	84.491517
6	10	88.232811
8	10	95.349022
10	10	97.23555
12	10	93.12217
14	10	88.904686
16	10	86.646011
18	10	85.846054
20	10	84.565704
22	10	81.393524
24	10	76.51741
26	10	71.500122
28	10	67.567474
30	10	65.648163
32	10	65.651688
34	10	65.976104
36	10	65.439835
38	10	64.097641
40	10	62.000153
42	10	58.667923
44	10	54.183349
46	10	50.671478
48	10	49.928162
50	10	51.140136
52	10	52.46138
54	10	51.909851
56	10	48.676018
58	10	42.853561
60	10	35.093194
62	10	26.44025
64	10	17.296444
66	10	8.027444
68	10	-0.485853
70	10	-7.12096
72	10	-11.57581
74	10	-14.309143
76	10	-15.793183
78	10	-16.451465
80	10	-16.194248
82	10	-14.656567
84	10	-10.896934
86	10	-3.75884
88	10	5.373015
90	10	11.544598
92	10	11.97728
94	10	11.150444
96	10	15.398468
98	10	22.801544
100	10	24.278305
102	10	12.04184
104	10	-16.807846
106	10	-57.636131
108	10	-97.281951
110	10	-121.166229
112	10	-122.684639
114	10	-107.521034
116	10	-88.55606
118	10	-76.588837
120	10	-74.002777
122	10	-74.333052
124	10	-66.881702
126	10	-42.835179
128	10	1.948579
130	10	61.683502
132	10	118.392448
134	10	146.037568
136	10	130.070738
138	10	78.664984
140	10	11.626355
142	10	-59.96513
144	10	-132.802105
146	10	-199.908203
148	10	-254.188736
150	10	-290.786057
152	10	-299.344711
154	10	-263.247864
156	10	-188.402954
158	10	-107.440002
160	10	-46.957337
162	10	-13.451172
164	10	4.718018
166	10	25.887085
168	10	60.599869
170	10	108.603058
172	10	159.710992
174	10	205.809315
176	10	240.833809
178	10	264.203598
180	10	292.0802
182	10	346.760254
184	10	430.529297
186	10	537.724487
188	10	648.835815
190	10	731.938232
192	10	769.514893
194	10	755.757813
196	10	691.822754
198	10	599.291504
200	10	515.058838
202	10	480.777343
204	10	517.715332
206	10	610.124512
208	10	709.572754
210	10	762.195313
212	10	737.831055
214	10	639.118165
216	10	490.303223
218	10	321.398437
220	10	157.986328
222	10	17.20459
224	10	-92.811523
226	10	-171.385254
228	10	-222.338379
230	10	-251.122558
232	10	-263.208496
234	10	-263.506836
236	10	-256.123291
238	10	-244.245117
240	10	-230.19043
242	10	-215.609497
244	10	-201.622924
246	10	-188.904053
248	10	-177.981506
250	10	-169.59692
252	10	-164.814148
254	10	-164.810974
256	10	-170.443603
258	10	-181.878174
260	10	-198.538086
262	10	-219.601562
264	10	-244.440674
266	10	-272.598144
268	10	-303.690918
270	10	-337.439942
272	10	-373.491699
274	10	-411.041504
276	10	-448.788086
278	10	-485.337891
280	10	-519.600098
282	10	-550.855957
284	10	-578.264648
286	10	-600.130371
288	10	-614.240723
290	10	-619.038574
292	10	-613.111816
294	10	-593.541016
296	10	-558.838379
298	10	-515.534912
300	10	-476.302979
302	10	-445.384034
304	10	-412.334839
306	10	-364.088989
308	10	-308.212158
310	10	-255.603149
312	10	-199.578186
314	10	-144.223633
316	10	-103.539124
318	10	-84.480591
320	10	-83.710998
322	10	-93.244187
324	10	-105.397705
326	10	-114.255463
328	10	-115.790771
330	10	-107.754868
332	10	-90.828399
334	10	-69.047211
336	10	-53.606277
338	10	-44.464722
340	10	-37.396332
342	10	-25.602966
0	11	48.823503
2	11	55.699696
4	11	73.456645
6	11	74.966557
8	11	80.389622
10	11	80.075645
12	11	73.853409
14	11	67.747131
16	11	63.618103
18	11	61.442794
20	11	59.418411
22	11	55.528091
24	11	50.09082
26	11	45.127761
28	11	42.048096
30	11	41.720825
32	11	43.795379
34	11	46.545044
36	11	48.452118
38	11	49.042022
40	11	48.270462
42	11	46.39708
44	11	43.910461
46	11	42.071488
48	11	41.633698
50	11	42.787139
52	11	44.557663
54	11	45.116844
56	11	43.008057
58	11	38.334893
60	11	31.75111
62	11	24.203228
64	11	16.154337
66	11	7.981437
68	11	0.845268
70	11	-4.76717
72	11	-8.795632
74	11	-11.333748
76	11	-12.796966
78	11	-13.648456
80	11	-13.707764
82	11	-12.397442
84	11	-9.083511
86	11	-3.147468
88	11	4.109794
90	11	8.702084
92	11	8.064041
94	11	6.244438
96	11	9.276771
98	11	16.001633
100	11	16.922272
102	11	2.520858
104	11	-30.98172
106	11	-77.851013
108	11	-122.412541
110	11	-148.056225
112	11	-147.874973
114	11	-128.518108
116	11	-104.513859
118	11	-88.40047
120	11	-83.331938
122	11	-82.507309
124	11	-74.111847
126	11	-48.868426
128	11	-3.193668
130	11	57.333876
132	11	113.539318
134	11	140.52852
136	11	125.267261
138	11	76.791359
140	11	14.195449
142	11	-52.788635
144	11	-120.706871
146	11	-182.922393
148	11	-233.74524
150	11	-269.385635
152	11	-278.101318
154	11	-242.024048
156	11	-168.714142
158	11	-91.82727
160	11	-37.8031
162	11	-11.316833
164	11	1.90332
166	11	21.445495
168	11	58.4216
170	11	111.846009
172	11	169.596927
174	11	219.392685
176	11	255.523197
178	11	277.454796
180	11	299.014832
182	11	345.538818
184	11	429.716919
186	11	541.754882
188	11	660.149292
190	11	753.169922
192	11	800.204102
194	11	791.368408
196	11	727.125733
198	11	620.483643
200	11	495.760742
202	11	390.799804
204	11	339.712403
206	11	352.408203
208	11	404.036133
210	11	448.186035
212	11	444.29541
214	11	378.193359
216	11	262.717285
218	11	123.915039
220	11	-12.586425
222	11	-128.503906
224	11	-214.846192
226	11	-270.874512
228	11	-300.92041
230	11	-310.876464
232	11	-306.229248
234	11	-291.697022
236	11	-271.372314
238	11	-248.66919
240	11	-226.188232
242	11	-205.755859
244	11	-188.44336
246	11	-174.661926
248	11	-164.549805
250	11	-158.389549
252	11	-156.774749
254	11	-160.349609
256	11	-169.376343
258	11	-183.323853
260	11	-200.792725
262	11	-220.039551
264	11	-239.435791
266	11	-257.642334
268	11	-273.864746
270	11	-288.079101
272	11	-300.807618
274	11	-312.744141
276	11	-324.759766
278	11	-338.029296
280	11	-353.992676
282	11	-374.506836
284	11	-401.5625
286	11	-435.515625
288	11	-472.987305
290	11	-506.60791
292	11	-527.012207
294	11	-526.998535
296	11	-506.833985
298	11	-475.540527
300	11	-443.768555
302	11	-413.11377
304	11	-373.741211
306	11	-324.267211
308	11	-275.943359
310	11	-232.008178
312	11	-182.15387
314	11	-132.777405
316	11	-97.362946
318	11	-80.987549
320	11	-79.921448
322	11	-87.535492
324	11	-97.667984
326	11	-105.314697
328	11	-106.44162
330	11	-98.69551
332	11	-82.899979
334	11	-63.241119
336	11	-49.726517
338	11	-41.959
340	11	-35.531479
342	11	-24.134072
0	12	43.841976
2	12	47.434103
4	12	60.888369
6	12	61.500202
8	12	66.119126
10	12	64.570106
12	12	57.068885
14	12	49.383713
16	12	43.522155
18	12	39.407868
20	12	36.021286
22	12	31.580215
24	12	26.114334
26	12	21.533035
28	12	19.3293
30	12	20.259369
32	12	23.901703
34	12	28.501969
36	12	32.461197
38	12	35.07547
40	12	35.803162
42	12	35.203033
44	12	34.676056
46	12	34.194382
48	12	34.122849
50	12	35.31369
52	12	37.155228
54	12	38.155968
56	12	36.925736
58	12	33.299774
60	12	27.836032
62	12	21.326389
64	12	14.224673
66	12	7.189322
68	12	0.75506
70	12	-4.433382
72	12	-7.982906
74	12	-10.043362
76	12	-11.203632
78	12	-12.086578
80	12	-12.305889
82	12	-11.212685
84	12	-8.358211
86	12	-3.569395
88	12	2.333246
90	12	6.069443
92	12	5.192429
94	12	3.116135
96	12	5.229508
98	12	10.488754
100	12	9.959152
102	12	-6.623733
104	12	-43.078918
106	12	-92.959835
108	12	-139.125754
110	12	-164.201978
112	12	-161.931014
114	12	-139.707462
116	12	-112.650539
118	12	-94.29465
120	12	-87.78062
122	12	-85.756012
124	12	-76.289547
126	12	-51.119021
128	12	-5.703253
130	12	53.911616
132	12	107.631681
134	12	132.578245
136	12	118.049831
138	12	73.435581
140	12	16.320755
142	12	-44.678253
144	12	-106.269104
146	12	-162.856415
148	12	-210.236671
150	12	-244.452926
152	12	-252.635391
154	12	-217.490417
156	12	-148.066619
158	12	-77.130188
160	12	-29.731873
162	12	-8.916321
164	12	1.117951
166	12	20.011933
168	12	58.152664
170	12	113.024292
172	12	172.302248
174	12	222.147828
176	12	255.867153
178	12	275.205993
180	12	290.935883
182	12	330.682373
184	12	412.663574
186	12	525.588501
188	12	644.546387
190	12	742.435547
192	12	798.617432
194	12	801.045654
196	12	748.551269
198	12	646.124756
200	12	507.63916
202	12	359.813965
204	12	235.444336
206	12	158.03125
208	12	128.193848
210	12	123.021485
212	12	108.66748
214	12	60.940918
216	12	-21.290527
218	12	-121.13916
220	12	-217.82666
222	12	-296.236328
224	12	-349.418457
226	12	-377.274902
228	12	-383.642578
230	12	-373.42334
232	12	-351.176758
234	12	-321.111328
236	12	-287.265381
238	12	-253.245605
240	12	-221.853272
242	12	-194.979492
244	12	-173.557739
246	12	-157.744568
248	12	-147.369415
250	12	-142.360928
252	12	-142.803955
254	12	-148.705993
256	12	-159.640869
258	12	-174.361939
260	12	-190.680908
262	12	-205.976807
264	12	-217.753173
266	12	-224.093506
268	12	-224.12207
270	12	-218.098144
272	12	-207.074707
274	12	-192.787109
276	12	-178.027832
278	12	-166.661621
280	12	-163.190429
282	12	-172.682129
284	12	-200.113769
286	12	-247.39209
288	12	-309.483399
290	12	-373.705567
292	12	-424.030762
294	12	-449.02539
296	12	-448.381348
298	12	-431.022216
300	12	-405.337891
302	12	-370.734131
304	12	-326.363159
306	12	-280.707763
308	12	-242.67273
310	12	-206.58313
312	12	-163.712403
314	12	-121.428345
316	12	-90.825257
318	12	-75.758789
320	12	-73.817581
322	12	-80.272965
324	12	-89.064667
326	12	-95.797149
328	12	-96.847443
330	12	-89.812805
332	12	-75.447647
334	12	-57.852707
336	12	-46.047821
338	12	-39.394837
340	12	-33.469406
342	12	-22.584549
0	13	39.01226
2	13	40.433492
4	13	50.911857
6	13	50.115494
8	13	52.240738
10	13	49.425721
12	13	40.276016
14	13	32.273895
16	13	26.217254
18	13	20.76181
20	13	15.853485
22	13	10.304046
24	13	4.454468
26	13	0.235794
28	13	-1.114319
30	13	0.940597
32	13	5.90506
34	13	11.952454
36	13	17.37471
38	13	21.652328
40	13	24.046982
42	13	24.908767
44	13	25.588532
46	13	25.915161
48	13	26.263656
50	13	28.250458
52	13	30.64563
54	13	31.780426
56	13	30.955566
58	13	28.064071
60	13	23.487651
62	13	17.828632
64	13	11.910963
66	13	5.794751
68	13	0.01697
70	13	-4.643463
72	13	-7.966578
74	13	-9.900913
76	13	-10.920517
78	13	-11.598472
80	13	-11.825581
82	13	-10.900507
84	13	-8.415672
86	13	-4.2991
88	13	0.578444
90	13	3.728355
92	13	2.96534
94	13	1.184059
96	13	2.803986
98	13	6.280777
100	13	3.482903
102	13	-14.824859
104	13	-52.611023
106	13	-103.113735
108	13	-149.090475
110	13	-172.577272
112	13	-168.009937
114	13	-143.972921
116	13	-115.837916
118	13	-96.462908
120	13	-88.670455
122	13	-85.131805
124	13	-75.617241
126	13	-51.124634
128	13	-6.844452
130	13	50.576361
132	13	101.050238
134	13	123.240506
136	13	109.340725
138	13	69.037975
140	13	18.024529
142	13	-36.578484
144	13	-91.627632
146	13	-142.686096
148	13	-186.780754
150	13	-219.022126
152	13	-225.929428
154	13	-192.420288
156	13	-128.516937
158	13	-64.644715
160	13	-23.866944
162	13	-7.616455
164	13	0.530854
166	13	19.298065
168	13	57.781616
170	13	111.664093
172	13	168.300023
174	13	215.466347
176	13	246.15197
178	13	262.272782
180	13	272.8685
182	13	306.441956
184	13	383.88092
186	13	491.825073
188	13	606.136108
190	13	704.475342
192	13	769.448487
194	13	788.040039
196	13	756.864502
198	13	672.549072
200	13	539.242676
202	13	371.727539
204	13	195.595703
206	13	39.219238
208	13	-77.510742
210	13	-152.763672
212	13	-204.285156
214	13	-254.448731
216	13	-312.647949
218	13	-373.491699
220	13	-426.052734
222	13	-461.931152
224	13	-477.930664
226	13	-475.138183
228	13	-456.798584
230	13	-426.506103
232	13	-387.611328
234	13	-343.551025
236	13	-297.953125
238	13	-254.211182
240	13	-215.047607
242	13	-182.348877
244	13	-156.984741
246	13	-138.968017
248	13	-127.905335
250	13	-123.394509
252	13	-125.049103
254	13	-132.309082
256	13	-144.16272
258	13	-158.740601
260	13	-173.178711
262	13	-184.195313
264	13	-188.766602
266	13	-184.692139
268	13	-170.943848
270	13	-147.625977
272	13	-115.938965
274	13	-78.657227
276	13	-40.562011
278	13	-7.950683
280	13	12.160156
282	13	12.182618
284	13	-15.001953
286	13	-72.185059
288	13	-153.132812
290	13	-242.040039
292	13	-319.052734
294	13	-369.365235
296	13	-389.746582
298	13	-385.380127
300	13	-360.372803
302	13	-319.066528
304	13	-276.690064
306	13	-240.13379
308	13	-211.781861
310	13	-182.420654
312	13	-146.431519
314	13	-110.575806
316	13	-83.175934
318	13	-68.102935
320	13	-65.909912
322	13	-72.113327
324	13	-80.520752
326	13	-86.815109
328	13	-88.121444
330	13	-82.000244
332	13	-68.980072
334	13	-53.115982
336	13	-42.668503
338	13	-36.745346
340	13	-31.129578
342	13	-20.849236
0	14	32.95133
2	14	31.970272
4	14	39.668553
6	14	37.718239
8	14	37.196296
10	14	32.700317
12	14	23.106766
14	14	14.899902
16	14	8.718429
18	14	3.202042
20	14	-1.497909
22	14	-7.06546
24	14	-13.388352
26	14	-17.878113
28	14	-18.982285
30	14	-16.236938
32	14	-10.449509
34	14	-3.567612
36	14	2.851974
38	14	8.441361
40	14	12.470002
42	14	14.627594
44	14	15.983994
46	14	16.649093
48	14	17.857666
50	14	21.445328
52	14	24.87764
54	14	25.820823
56	14	25.090942
58	14	23.145935
60	14	19.307926
62	14	14.3997
64	14	9.288311
66	14	3.932915
68	14	-1.168762
70	14	-5.278246
72	14	-8.374565
74	14	-10.135391
76	14	-11.090437
78	14	-11.405455
80	14	-10.946315
82	14	-9.55657
84	14	-7.576328
86	14	-4.795772
88	14	-1.302313
90	14	0.966023
92	14	-0.045563
94	14	-1.553772
96	14	0.1455
98	14	2.652069
100	14	-1.957779
102	14	-22.130111
104	14	-60.588852
106	14	-109.749378
108	14	-153.376806
110	14	-175.370453
112	14	-169.428146
114	14	-144.465105
116	14	-116.131979
118	14	-96.491163
120	14	-87.088024
122	14	-82.801227
124	14	-73.633456
126	14	-49.845366
128	14	-7.339791
130	14	46.588547
132	14	93.609661
134	14	113.772855
136	14	100.647686
138	14	64.564476
140	14	19.659317
142	14	-28.520699
144	14	-77.074081
146	14	-122.816521
148	14	-163.654708
150	14	-193.59903
152	14	-199.173386
154	14	-168.372925
156	14	-111.515808
158	14	-55.343048
160	14	-20.268219
162	14	-6.578217
164	14	1.026673
166	14	19.465729
168	14	57.094131
170	14	108.751465
172	14	160.548271
174	14	202.747136
176	14	229.768791
178	14	242.747401
180	14	249.383209
182	14	277.057343
184	14	348.187317
186	14	447.043824
188	14	550.780396
190	14	645.854126
192	14	716.100586
194	14	750.123047
196	14	741.838623
198	14	681.010498
200	14	563.74707
202	14	395.036621
204	14	192.155273
206	14	-17.65625
208	14	-204.550293
210	14	-348.106934
212	14	-447.168457
214	14	-514.065918
216	14	-560.371094
218	14	-590.291504
220	14	-603.552734
222	14	-600.055176
224	14	-581.342529
226	14	-550.059082
228	14	-509.158936
230	14	-461.274414
232	14	-408.713379
234	14	-354.001465
236	14	-300.000976
238	14	-249.568115
240	14	-205.101318
242	14	-168.375366
244	14	-140.196899
246	14	-120.511963
248	14	-108.825134
250	14	-104.52269
252	14	-106.833069
254	14	-114.735413
256	14	-126.756958
258	14	-140.61145
260	14	-153.093262
262	14	-160.63794
264	14	-159.921387
266	14	-148.411865
268	14	-124.712402
270	14	-88.728027
272	14	-42.044922
274	14	11.579101
276	14	66.303222
278	14	114.729004
280	14	148.130371
282	14	156.482422
284	14	130.65918
286	14	67.368164
288	14	-26.146484
290	14	-132.047852
292	14	-228.300293
294	14	-297.841308
296	14	-333.466064
298	14	-335.325684
300	14	-309.134521
302	14	-270.724365
304	14	-234.89624
306	14	-205.730835
308	14	-184.087342
310	14	-160.691956
312	14	-130.788269
314	14	-99.176331
316	14	-73.938538
318	14	-61.303177
320	14	-60.02156
322	14	-65.197571
324	14	-72.905273
326	14	-79.329757
328	14	-81.072327
330	14	-75.673691
332	14	-63.547776
334	14	-48.839813
336	14	-39.320496
338	14	-33.810531
340	14	-28.420105
342	14	-19.072319
0	15	25.830364
2	15	22.751561
4	15	27.302552
6	15	23.634445
8	15	20.870544
10	15	15.247238
12	15	6.13768
14	15	-1.547577
16	15	-8.207305
18	15	-13.626495
20	15	-18.061768
22	15	-22.38559
24	15	-27.46727
26	15	-31.779114
28	15	-33.293594
30	15	-30.886047
32	15	-25.273361
34	15	-18.268707
36	15	-11.351914
38	15	-4.795532
40	15	0.848129
42	15	4.369354
44	15	6.336807
46	15	7.375183
48	15	10.062714
50	15	14.496582
52	15	18.345383
54	15	20.548996
56	15	20.166733
58	15	18.590836
60	15	15.846931
62	15	11.398426
64	15	6.110037
66	15	0.87417
68	15	-3.670948
70	15	-7.21119
72	15	-9.948091
74	15	-11.862776
76	15	-12.503427
78	15	-12.114611
80	15	-10.809584
82	15	-9.269451
84	15	-7.486173
86	15	-5.155089
88	15	-2.741192
90	15	-1.834686
92	15	-3.561359
94	15	-5.124954
96	15	-3.415077
98	15	-1.175705
100	15	-7.044853
102	15	-28.448052
104	15	-67.149818
106	15	-115.055951
108	15	-155.925239
110	15	-174.869946
112	15	-167.507549
114	15	-141.968235
116	15	-113.320091
118	15	-93.218804
120	15	-83.844757
122	15	-79.890543
124	15	-70.641663
126	15	-46.850488
128	15	-6.457413
130	15	43.233085
132	15	86.000271
134	15	104.770865
136	15	93.827347
138	15	62.404888
140	15	22.72168
142	15	-19.709801
144	15	-62.093758
146	15	-102.694465
148	15	-140.117928
150	15	-167.267075
152	15	-171.733947
154	15	-144.945404
156	15	-96.409027
158	15	-48.187073
160	15	-17.06607
162	15	-4.297699
164	15	3.05188
166	15	20.59668
168	15	56.364212
170	15	105.887512
172	15	153.447525
174	15	188.720833
176	15	210.120132
178	15	220.322036
180	15	226.109085
182	15	250.213379
184	15	311.793213
186	15	397.915101
188	15	490.060181
190	15	577.052124
192	15	648.385743
194	15	693.421875
196	15	702.053223
198	15	662.768799
200	15	565.271729
202	15	408.743165
204	15	202.690918
206	15	-30.172363
208	15	-258.498535
210	15	-452.996582
212	15	-596.133301
214	15	-686.106933
216	15	-731.439942
218	15	-742.216064
220	15	-727.033203
222	15	-693.44165
224	15	-647.530029
226	15	-593.724365
228	15	-535.106445
230	15	-473.905517
232	15	-411.856934
234	15	-350.594483
236	15	-292.063232
238	15	-238.353271
240	15	-191.624634
242	15	-153.314576
244	15	-124.067627
246	15	-103.820923
248	15	-92.088166
250	15	-88.121754
252	15	-90.871155
254	15	-98.999756
256	15	-110.76709
258	15	-123.723389
260	15	-134.572632
262	15	-139.635254
264	15	-135.34375
266	15	-118.894775
268	15	-88.729004
270	15	-44.851074
272	15	10.766602
274	15	73.996094
276	15	138.812988
278	15	197.015625
280	15	238.161621
282	15	250.717286
284	15	225.51709
286	15	160.203613
288	15	62.16748
290	15	-51.319824
292	15	-157.70752
294	15	-237.319336
296	15	-279.738037
298	15	-284.667969
300	15	-262.691894
302	15	-231.707031
304	15	-202.022583
306	15	-177.745483
308	15	-158.821839
310	15	-138.503967
312	15	-113.79425
314	15	-87.485382
316	15	-66.893707
318	15	-57.053375
320	15	-56.050461
322	15	-60.149903
324	15	-66.714813
326	15	-72.790924
328	15	-74.764618
330	15	-69.797013
332	15	-58.398651
334	15	-44.703216
336	15	-35.914627
338	15	-30.822777
340	15	-25.877823
342	15	-17.28817
0	16	18.781198
2	16	13.811581
4	16	15.182373
6	16	10.216057
8	16	5.491295
10	16	-0.930588
12	16	-9.346466
14	16	-17.019196
16	16	-23.771683
18	16	-29.188049
20	16	-33.712722
22	16	-37.728211
24	16	-41.892426
26	16	-44.950119
28	16	-45.864212
30	16	-43.440689
32	16	-38.099122
34	16	-31.285568
36	16	-24.10199
38	16	-16.427582
40	16	-9.249588
42	16	-4.352158
44	16	-1.436706
46	16	0.877869
48	16	4.314957
50	16	7.898132
52	16	12.06765
54	16	15.574737
56	16	16.900115
58	16	14.828056
60	16	11.47023
62	16	7.478772
64	16	2.618618
66	16	-2.403878
68	16	-6.782332
70	16	-9.828684
72	16	-11.655025
74	16	-12.597727
76	16	-12.634113
78	16	-11.819884
80	16	-10.667614
82	16	-9.471949
84	16	-7.6231
86	16	-5.067987
88	16	-2.698287
90	16	-1.890942
92	16	-3.447708
94	16	-5.289108
96	16	-4.546623
98	16	-3.645775
100	16	-10.744354
102	16	-33.430176
104	16	-71.953399
106	16	-117.819866
108	16	-155.761971
110	16	-172.021931
112	16	-162.803578
114	16	-136.527951
116	16	-107.227932
118	16	-86.474136
120	16	-77.801151
122	16	-74.564389
124	16	-65.996914
126	16	-43.355828
128	16	-5.887615
130	16	39.534107
132	16	78.285221
134	16	96.307325
136	16	88.844852
138	16	62.600021
140	16	28.357193
142	16	-9.071533
144	16	-46.045318
146	16	-82.242317
148	16	-116.052413
150	16	-140.446472
152	16	-144.75534
154	16	-123.249145
156	16	-83.443878
158	16	-42.773194
160	16	-15.686615
162	16	-3.498383
164	16	5.297882
166	16	24.440277
168	16	59.715027
170	16	106.69426
172	16	149.064384
174	16	177.656796
176	16	191.372024
178	16	198.355542
180	16	205.11657
182	16	225.94986
184	16	277.185119
186	16	349.983337
188	16	428.734375
190	16	506.345703
192	16	573.252319
194	16	621.079346
196	16	639.457275
198	16	616.743652
200	16	540.534424
202	16	404.292968
204	16	212.155029
206	16	-17.476074
208	16	-256.875
210	16	-475.436523
212	16	-647.086181
214	16	-759.222656
216	16	-813.297852
218	16	-819.370117
220	16	-790.705322
222	16	-739.877197
224	16	-676.440918
226	16	-606.860352
228	16	-535.510254
230	16	-465.105469
232	16	-397.179932
234	16	-332.762695
236	16	-272.882935
238	16	-218.89331
240	16	-172.358643
242	16	-134.500733
244	16	-105.932679
246	16	-86.548828
248	16	-75.72464
250	16	-72.48159
252	16	-75.624207
254	16	-83.755615
256	16	-95.072632
258	16	-107.104859
260	16	-116.559693
262	16	-119.667847
264	16	-112.781494
266	16	-93.094971
268	16	-59.207763
270	16	-11.376953
272	16	48.181397
274	16	115.144531
276	16	183.360351
278	16	244.006836
280	16	285.884278
282	16	297.828613
284	16	272.121094
286	16	207.632324
288	16	111.709472
290	16	0.474121
292	16	-104.875977
294	16	-185.920899
296	16	-232.354736
298	16	-241.829102
300	16	-224.169312
302	16	-196.047607
304	16	-170.597412
306	16	-151.289856
308	16	-135.613282
310	16	-118.357361
312	16	-98.195648
314	16	-77.72876
316	16	-61.590225
318	16	-53.754364
320	16	-53.202759
322	16	-56.837486
324	16	-62.327621
326	16	-67.413986
328	16	-68.891754
330	16	-64.043045
332	16	-53.404358
334	16	-40.887749
336	16	-32.879288
338	16	-28.145783
340	16	-23.440666
342	16	-15.517937
0	17	12.795817
2	17	6.979237
4	17	5.229798
6	17	-1.053054
8	17	-7.412964
10	17	-14.168396
12	17	-21.921921
14	17	-29.966095
16	17	-37.559067
18	17	-43.383149
20	17	-47.442734
22	17	-51.240402
24	17	-55.261506
26	17	-58.530625
28	17	-59.422272
30	17	-56.167953
32	17	-49.909989
34	17	-42.51242
36	17	-34.507126
38	17	-25.961258
40	17	-17.631546
42	17	-10.755829
44	17	-5.760376
46	17	-1.38089
48	17	1.817932
50	17	4.400848
52	17	7.828293
54	17	10.464142
56	17	11.362167
58	17	10.411155
60	17	7.730091
62	17	4.222431
64	17	0.352139
66	17	-3.678051
68	17	-7.42155
70	17	-9.852208
72	17	-10.919907
74	17	-11.145474
76	17	-10.796323
78	17	-10.024498
80	17	-8.951123
82	17	-7.401061
84	17	-5.233813
86	17	-2.58823
88	17	-0.235476
90	17	0.555489
92	17	-0.574772
94	17	-1.998421
96	17	-2.264305
98	17	-3.629249
100	17	-13.038292
102	17	-36.757446
104	17	-73.996306
106	17	-116.195669
108	17	-150.979477
110	17	-165.506561
112	17	-155.703636
114	17	-129.473881
116	17	-100.198375
118	17	-79.690246
120	17	-71.639544
122	17	-69.328685
124	17	-62.794814
126	17	-43.744261
128	17	-10.218052
130	17	30.084453
132	17	65.755631
134	17	85.187456
136	17	82.051903
138	17	61.251866
140	17	31.977227
142	17	-0.213013
144	17	-32.418427
146	17	-63.963539
148	17	-93.33905
150	17	-115.266876
152	17	-120.677368
154	17	-105.415283
156	17	-76.216584
158	17	-45.430665
160	17	-23.228149
162	17	-10.741394
164	17	0.679382
166	17	22.713729
168	17	59.422928
170	17	104.09198
172	17	142.48019
174	17	166.349886
176	17	180.894295
178	17	184.419733
180	17	186.969856
182	17	205.490296
184	17	247.074219
186	17	307.107361
188	17	374.284424
190	17	440.88501
192	17	499.269409
194	17	543.925537
196	17	564.18042
198	17	549.375976
200	17	489.714356
202	17	376.687988
204	17	209.751221
206	17	-0.185547
208	17	-229.11377
210	17	-446.536376
212	17	-626.102051
214	17	-751.086426
216	17	-816.871338
218	17	-830.124512
220	17	-802.918945
222	17	-747.975098
224	17	-676.503174
226	17	-597.236084
228	17	-516.545411
230	17	-438.52124
232	17	-365.228027
234	17	-297.759521
236	17	-237.024414
238	17	-184.003418
240	17	-139.553223
242	17	-104.25354
244	17	-78.320618
246	17	-61.349212
248	17	-52.343949
250	17	-50.130516
252	17	-53.339753
254	17	-60.659607
256	17	-70.555847
258	17	-80.704223
260	17	-88.341796
262	17	-89.989013
264	17	-82.21582
266	17	-62.25708
268	17	-28.82959
270	17	17.473144
272	17	74.468506
274	17	138.11914
276	17	202.346924
278	17	259.01416
280	17	298.077148
282	17	309.468262
284	17	285.985352
286	17	226.154297
288	17	137.013183
290	17	33.415039
292	17	-67.49292
294	17	-148.483154
296	17	-194.361817
298	17	-202.871094
300	17	-186.523926
302	17	-162.798217
304	17	-142.361694
306	17	-127.18396
308	17	-115.060302
310	17	-101.237854
312	17	-84.799194
314	17	-68.683502
316	17	-56.315934
318	17	-50.884399
320	17	-51.299492
322	17	-54.985466
324	17	-59.632416
326	17	-63.361786
328	17	-63.782486
330	17	-58.810989
332	17	-48.978683
334	17	-37.588684
336	17	-30.134468
338	17	-25.529121
340	17	-20.962326
342	17	-13.822709
0	18	8.245718
2	18	2.791916
4	18	-1.733284
6	18	-9.45945
8	18	-17.465546
10	18	-25.191651
12	18	-33.03865
14	18	-41.353882
16	18	-49.057495
18	18	-55.371674
20	18	-59.853638
22	18	-63.268463
24	18	-66.760605
26	18	-69.770615
28	18	-70.313934
30	18	-67.284347
32	18	-60.963746
34	18	-52.28952
36	18	-42.546036
38	18	-32.40094
40	18	-22.454117
42	18	-13.319061
44	18	-7.126831
46	18	-2.377609
48	18	1.149521
50	18	3.293976
52	18	4.448066
54	18	5.150039
56	18	6.132492
58	18	6.452247
60	18	5.310509
62	18	3.211437
64	18	0.607285
66	18	-2.064434
68	18	-4.524995
70	18	-6.288875
72	18	-6.944467
74	18	-6.870245
76	18	-6.507084
78	18	-5.714652
80	18	-4.535454
82	18	-2.694642
84	18	-0.390926
86	18	2.041822
88	18	3.90839
90	18	4.236069
92	18	3.018471
94	18	1.705864
96	18	1.190727
98	18	-2.114502
100	18	-14.293266
102	18	-38.489612
104	18	-73.645109
106	18	-112.625413
108	18	-144.134789
110	18	-156.673042
112	18	-147.122231
114	18	-122.614045
116	18	-95.933659
118	18	-78.035334
120	18	-71.70152
122	18	-71.250837
124	18	-67.484362
126	18	-52.225052
128	18	-23.326084
130	18	13.122814
132	18	46.777412
134	18	67.685501
136	18	69.203137
138	18	53.626625
140	18	28.121369
142	18	0.211884
144	18	-28.610069
146	18	-57.220947
148	18	-82.896286
150	18	-101.852936
152	18	-108.520157
154	18	-99.011811
156	18	-78.210571
158	18	-55.974976
160	18	-39.813415
162	18	-29.106689
164	18	-15.723999
166	18	7.682724
168	18	45.692963
170	18	91.693428
172	18	131.77249
174	18	157.311603
176	18	172.031197
178	18	180.041328
180	18	178.417694
182	18	186.126969
184	18	219.635407
186	18	268.682801
188	18	325.298279
190	18	381.091675
192	18	431.112915
194	18	471.55188
196	18	492.698242
198	18	484.053711
200	18	437.149658
202	18	345.028321
204	18	204.884277
206	18	22.432618
208	18	-183.927002
210	18	-387.115479
212	18	-561.219971
214	18	-689.689697
216	18	-766.455078
218	18	-793.334961
220	18	-777.737061
222	18	-730.256592
224	18	-661.674073
226	18	-581.680664
228	18	-498.376953
230	18	-417.474609
232	18	-342.391846
234	18	-274.583252
236	18	-214.468994
238	18	-162.273193
240	18	-118.498901
242	18	-83.798218
244	18	-58.380555
246	18	-41.799012
248	18	-32.919449
250	18	-30.121718
252	18	-31.973358
254	18	-37.538208
256	18	-45.789795
258	18	-54.647278
260	18	-61.030762
262	18	-61.55835
264	18	-53.583496
266	18	-35.445801
268	18	-5.918701
270	18	35.038086
272	18	85.898682
274	18	143.588135
276	18	201.003418
278	18	249.292237
280	18	279.909423
282	18	286.280517
284	18	265.695068
286	18	216.271484
288	18	139.517334
290	18	45.479492
292	18	-47.45288
294	18	-119.841552
296	18	-159.353028
298	18	-165.195556
300	18	-151.212646
302	18	-132.772705
304	18	-116.398315
306	18	-103.916748
308	18	-94.327881
310	18	-84.295776
312	18	-72.143493
314	18	-60.160827
316	18	-51.654312
318	18	-48.869782
320	18	-50.229339
322	18	-53.933907
324	18	-57.909752
326	18	-60.230972
328	18	-59.298553
330	18	-53.983856
332	18	-44.827377
334	18	-34.374268
336	18	-27.295158
338	18	-22.799545
340	18	-18.549667
342	18	-12.25708
0	19	4.507813
2	19	-0.450527
4	19	-6.768425
6	19	-15.737953
8	19	-25.242225
10	19	-34.309204
12	19	-42.930206
14	19	-51.704864
16	19	-59.434143
18	19	-65.9198
20	19	-71.369797
22	19	-75.656342
24	19	-78.835357
26	19	-80.290711
28	19	-79.926971
30	19	-77.287155
32	19	-70.902115
34	19	-60.880706
36	19	-49.164582
38	19	-36.236953
40	19	-23.71138
42	19	-13.486862
44	19	-5.857635
46	19	-0.477829
48	19	2.751785
50	19	4.03804
52	19	4.040993
54	19	4.871337
56	19	6.156479
58	19	7.058274
60	19	6.843666
62	19	5.530758
64	19	3.971748
66	19	2.531687
68	19	1.459688
70	19	0.859234
72	19	0.928581
74	19	1.393429
76	19	2.017209
78	19	2.756049
80	19	3.710542
82	19	5.1645
84	19	6.976783
86	19	8.863831
88	19	10.23785
90	19	10.246307
92	19	8.473099
94	19	6.488392
96	19	4.7145
98	19	-0.576912
100	19	-14.417343
102	19	-39.000549
104	19	-72.564516
106	19	-108.685179
108	19	-136.293651
110	19	-146.555847
112	19	-138.524955
114	19	-119.327202
116	19	-98.928311
118	19	-85.304339
120	19	-80.775734
122	19	-80.602851
124	19	-77.3085
126	19	-64.504158
128	19	-39.354107
130	19	-6.704494
132	19	24.617729
134	19	47.214176
136	19	53.515236
138	19	43.521721
140	19	23.263504
142	19	-2.049453
144	19	-30.023941
146	19	-58.411652
148	19	-82.288711
150	19	-98.046463
152	19	-102.828659
154	19	-95.912246
156	19	-82.194
158	19	-68.353241
160	19	-57.413452
162	19	-47.700867
164	19	-33.342819
166	19	-8.906433
168	19	29.67775
170	19	77.060943
172	19	118.362745
174	19	148.418304
176	19	166.341346
178	19	173.353962
180	19	176.257728
182	19	176.268921
184	19	195.253143
186	19	235.583862
188	19	281.941651
190	19	324.617432
192	19	366.355102
194	19	402.450318
196	19	424.588012
198	19	422.751465
200	19	389.028565
202	19	316.151856
204	19	200.822265
206	19	47.081055
208	19	-131.948974
210	19	-315.552002
212	19	-480.484375
214	19	-607.702881
216	19	-688.151123
218	19	-722.44751
220	19	-717.052246
222	19	-680.076661
224	19	-620.650635
226	19	-548.425537
228	19	-472.155762
230	19	-397.757447
232	19	-328.871704
234	19	-266.801757
236	19	-211.711303
238	19	-163.642822
240	19	-122.933166
242	19	-90.158813
244	19	-65.346436
246	19	-47.835602
248	19	-36.944488
250	19	-32.359733
252	19	-33.192139
254	19	-37.372223
256	19	-42.855652
258	19	-47.705749
260	19	-50.190918
262	19	-48.378173
264	19	-40.235718
266	19	-23.902588
268	19	2.458252
270	19	38.842041
272	19	82.662842
274	19	129.790772
276	19	176.312256
278	19	217.250488
280	19	245.403565
282	19	254.791259
284	19	238.431641
286	19	193.818359
288	19	124.672363
290	19	42.180176
292	19	-37.653809
294	19	-97.827637
296	19	-127.674072
298	19	-131.832275
300	19	-121.164306
302	19	-105.174926
304	19	-90.887268
306	19	-81.517639
308	19	-75.831421
310	19	-70.261963
312	19	-62.509003
314	19	-54.338471
316	19	-48.667282
318	19	-47.251023
320	19	-49.17231
322	19	-52.755592
324	19	-56.238235
326	19	-57.390686
328	19	-55.118424
330	19	-49.33847
332	19	-40.760315
334	19	-31.075676
336	19	-24.293106
338	19	-20.007408
340	19	-16.259583
342	19	-10.79821
0	20	1.71563
2	20	-3.142033
4	20	-10.420403
6	20	-20.390839
8	20	-31.060577
10	20	-41.685685
12	20	-51.878098
14	20	-61.360581
16	20	-69.769958
18	20	-77.69043
20	20	-85.14804
22	20	-91.154205
24	20	-93.963288
26	20	-93.686127
28	20	-90.473511
30	20	-85.035308
32	20	-77.46904
34	20	-67.905151
36	20	-56.912903
38	20	-44.956085
40	20	-33.536453
42	20	-23.103348
44	20	-13.832733
46	20	-6.305039
48	20	-1.05806
50	20	1.864807
52	20	3.93444
54	20	6.355858
56	20	7.504333
58	20	7.589187
60	20	7.239746
62	20	6.870888
64	20	6.69051
66	20	6.676491
68	20	6.848511
70	20	7.220058
72	20	7.98236
74	20	8.728044
76	20	9.658819
78	20	10.863505
80	20	12.023053
82	20	13.174172
84	20	14.606408
86	20	16.090605
88	20	16.929773
90	20	16.222739
92	20	13.992004
94	20	11.254375
96	20	7.607784
98	20	-0.308746
100	20	-16.220813
102	20	-41.629661
104	20	-74.727235
106	20	-108.317825
108	20	-132.9901
110	20	-142.894599
112	20	-138.078289
114	20	-124.070103
116	20	-108.516873
118	20	-97.459038
120	20	-92.767055
122	20	-91.189974
124	20	-87.129991
126	20	-74.79419
128	20	-51.835849
130	20	-22.265316
132	20	7.645599
134	20	30.885864
136	20	41.370545
138	20	37.969101
140	20	23.314156
142	20	1.248032
144	20	-24.103928
146	20	-49.172928
148	20	-69.792724
150	20	-81.97667
152	20	-85.567383
154	20	-81.808822
156	20	-76.113616
158	20	-70.517883
160	20	-64.044342
162	20	-54.35382
164	20	-38.775177
166	20	-14.296478
168	20	20.385331
170	20	62.033691
172	20	101.091173
174	20	133.876197
176	20	157.38382
178	20	167.8629
180	20	170.843609
182	20	170.645203
184	20	178.523529
186	20	206.490754
188	20	244.365967
190	20	281.45282
192	20	314.573608
194	20	338.641357
196	20	350.183838
198	20	347.426636
200	20	322.555176
202	20	266.408691
204	20	176.10376
206	20	53.432373
208	20	-94.734863
210	20	-251.722656
212	20	-396.655761
214	20	-511.573242
216	20	-587.878418
218	20	-625.075683
220	20	-627.614136
222	20	-601.867553
224	20	-555.157349
226	20	-495.535522
228	20	-430.439575
230	20	-365.839112
232	20	-305.232056
234	20	-250.256103
236	20	-201.395996
238	20	-159.131348
240	20	-123.962036
242	20	-96.097412
244	20	-75.408631
246	20	-61.261474
248	20	-52.614761
250	20	-48.136508
252	20	-46.586868
254	20	-46.733521
256	20	-48.060974
258	20	-49.517334
260	20	-49.896728
262	20	-47.064819
264	20	-37.876953
266	20	-20.673462
268	20	3.718872
270	20	34.826782
272	20	72.403077
274	20	114.065185
276	20	155.494385
278	20	191.176757
280	20	214.511719
282	20	219.224121
284	20	200.972168
286	20	159.336426
288	20	99.278076
290	20	30.089111
292	20	-35.042968
294	20	-82.374024
296	20	-104.65918
298	20	-104.07251
300	20	-92.278321
302	20	-80.320313
304	20	-71.728393
306	20	-66.704468
308	20	-63.786133
310	20	-61.045441
312	20	-56.360474
314	20	-50.58432
316	20	-46.527542
318	20	-45.850487
320	20	-47.877464
322	20	-51.343445
324	20	-54.239136
326	20	-54.537171
328	20	-51.461921
330	20	-45.296692
332	20	-36.937462
334	20	-27.723343
336	20	-21.249046
338	20	-17.265854
340	20	-14.093445
342	20	-9.468582
0	21	-0.722153
2	21	-5.947937
4	21	-13.965469
6	21	-24.726371
8	21	-36.823684
10	21	-49.111328
12	21	-60.768035
14	21	-71.639466
16	21	-81.596863
18	21	-91.141739
20	21	-99.779053
22	21	-106.179535
24	21	-108.803605
26	21	-107.724564
28	21	-103.470032
30	21	-96.201645
32	21	-86.87352
34	21	-75.795364
36	21	-63.463714
38	21	-51.351944
40	21	-40.3293
42	21	-30.69667
44	21	-22.437272
46	21	-15.7668
48	21	-10.802262
50	21	-7.590171
52	21	-5.469643
54	21	-3.417801
56	21	-1.327705
58	21	0.341294
60	21	1.528885
62	21	2.61509
64	21	3.814239
66	21	5.24773
68	21	6.762508
70	21	8.351807
72	21	10.078793
74	21	11.831192
76	21	13.526133
78	21	15.309556
80	21	17.171387
82	21	19.059902
84	21	21.035208
86	21	22.774767
88	21	23.270066
90	21	21.881233
92	21	19.369274
94	21	16.210292
96	21	10.943912
98	21	0.594207
100	21	-17.130199
102	21	-43.164955
104	21	-75.595619
106	21	-107.878746
108	21	-131.472424
110	21	-141.332733
112	21	-138.192066
114	21	-127.364956
116	21	-115.47213
118	21	-106.972552
120	21	-102.666126
122	21	-100.04198
124	21	-94.215022
126	21	-80.073308
128	21	-56.418415
130	21	-26.850632
132	21	2.6231
134	21	26.416046
136	21	39.786606
138	21	41.073967
140	21	31.025269
142	21	13.14293
144	21	-7.388626
146	21	-26.30664
148	21	-41.201568
150	21	-50.426819
152	21	-54.007278
154	21	-53.686981
156	21	-53.24292
158	21	-53.398529
160	21	-51.539734
162	21	-44.49733
164	21	-30.449646
166	21	-6.890899
168	21	24.681427
170	21	58.651215
172	21	90.600632
174	21	116.093666
176	21	133.432335
178	21	145.941505
180	21	156.333771
182	21	160.965759
184	21	168.23494
186	21	189.317688
188	21	221.216614
190	21	256.086243
192	21	283.244507
194	21	295.524292
196	21	296.427734
198	21	287.641724
200	21	262.699707
202	21	215.320312
204	21	142.299561
206	21	43.259521
208	21	-76.703369
210	21	-204.877075
212	21	-324.479126
214	21	-421.181518
216	21	-486.892701
218	21	-520.742798
220	21	-525.682373
222	21	-506.250977
224	21	-468.327759
226	21	-419.057984
228	21	-365.043458
230	21	-311.231933
232	21	-260.473755
234	21	-214.038025
236	21	-172.906677
238	21	-137.888733
240	21	-109.213745
242	21	-86.56604
244	21	-69.321625
246	21	-56.87233
248	21	-48.685509
250	21	-43.820668
252	21	-41.539535
254	21	-41.315796
256	21	-42.448181
258	21	-44.003906
260	21	-44.073974
262	21	-40.506531
264	21	-31.930908
266	21	-17.657349
268	21	2.354859
270	21	27.96106
272	21	58.297607
274	21	91.760865
276	21	124.354248
278	21	151.028809
280	21	166.655274
282	21	166.799561
284	21	149.077637
286	21	113.907227
288	21	65.621827
290	21	12.697998
292	21	-33.658935
294	21	-63.925781
296	21	-75.869262
298	21	-75.111328
300	21	-68.904114
302	21	-62.726379
304	21	-58.197143
306	21	-54.986328
308	21	-53.250916
310	21	-52.264283
312	21	-49.78247
314	21	-46.082154
316	21	-43.838264
318	21	-44.681313
320	21	-47.506298
322	21	-50.880024
324	21	-53.105369
326	21	-52.63652
328	21	-48.806847
330	21	-42.206276
332	21	-33.758003
334	21	-24.732719
336	21	-18.576935
338	21	-14.917259
340	21	-12.173836
342	21	-8.249592
0	22	-3.350605
2	22	-8.976631
4	22	-18.188522
6	22	-30.190468
8	22	-43.634583
10	22	-56.638535
12	22	-68.288894
14	22	-79.106766
16	22	-88.687957
18	22	-97.500488
20	22	-105.112091
22	22	-110.691482
24	22	-113.133591
26	22	-111.97905
28	22	-107.507416
30	22	-99.974015
32	22	-90.335281
34	22	-78.864884
36	22	-66.214218
38	22	-54.054977
40	22	-42.967652
42	22	-33.369172
44	22	-25.215362
46	22	-18.100479
48	22	-12.089843
50	22	-7.68869
52	22	-4.585846
54	22	-1.876457
56	22	0.865281
58	22	3.159866
60	22	4.741997
62	22	5.594215
64	22	5.952747
66	22	6.382084
68	22	7.173435
70	22	8.315988
72	22	9.672325
74	22	11.077595
76	22	12.462064
78	22	13.825562
80	22	15.015238
82	22	15.886831
84	22	16.396995
86	22	16.395111
88	22	15.520227
90	22	13.249363
92	22	9.826179
94	22	5.448276
96	22	-1.116798
98	22	-12.25103
100	22	-29.924915
102	22	-54.749439
104	22	-84.521417
106	22	-113.262859
108	22	-133.684825
110	22	-141.206345
112	22	-136.824211
114	22	-125.434517
116	22	-113.020523
118	22	-104.015099
120	22	-99.063645
122	22	-95.352115
124	22	-88.152164
126	22	-73.254283
128	22	-49.91432
130	22	-21.2631
132	22	7.810459
134	22	32.160305
136	22	47.291878
138	22	50.72863
140	22	42.252739
142	22	25.72744
144	22	6.245712
146	22	-12.026443
148	22	-25.462188
150	22	-33.265198
152	22	-37.931366
154	22	-42.28183
156	22	-46.769806
158	22	-50.323547
160	22	-50.398605
162	22	-44.23375
164	22	-29.964249
166	22	-7.161728
168	22	21.391769
170	22	50.729362
172	22	76.789158
174	22	96.70916
176	22	109.014381
178	22	117.232463
180	22	124.658212
182	22	131.442832
184	22	142.852585
186	22	166.444702
188	22	200.941772
190	22	232.737915
192	22	251.125061
194	22	254.80133
196	22	246.199951
198	22	228.139526
200	22	200.202026
202	22	159.290284
204	22	101.354981
206	22	26.702148
208	22	-62.16211
210	22	-157.662597
212	22	-247.241089
214	22	-319.657471
216	22	-369.753907
218	22	-397.958862
220	22	-406.406006
222	22	-397.227173
224	22	-373.66333
226	22	-340.366821
228	22	-302.084472
230	22	-262.356872
232	22	-223.308838
234	22	-186.194153
236	22	-152.510864
238	22	-123.425049
240	22	-99.288605
242	22	-79.825104
244	22	-64.52919
246	22	-52.936309
248	22	-44.617187
250	22	-39.137402
252	22	-36.201538
254	22	-35.273865
256	22	-35.712342
258	22	-36.520325
260	22	-36.170532
262	22	-33.064453
264	22	-26.138061
266	22	-14.831298
268	22	0.877075
270	22	20.63208
272	22	43.304322
274	22	67.382202
276	22	90.027099
278	22	107.501343
280	22	116.249145
282	22	113.984131
284	22	100.200683
286	22	75.974854
288	22	44.32959
290	22	10.504517
292	22	-19.072144
294	22	-39.72937
296	22	-50.695069
298	22	-54.226318
300	22	-53.119934
302	22	-50.597473
304	22	-47.181396
306	22	-44.681244
308	22	-44.630921
310	22	-45.270844
312	22	-44.325607
314	22	-42.23262
316	22	-41.348084
318	22	-42.980786
320	22	-46.578113
322	22	-50.618023
324	22	-53.032719
326	22	-52.152122
328	22	-47.668808
330	22	-40.41198
332	22	-31.636917
334	22	-22.746796
336	22	-16.826332
338	22	-13.37336
340	22	-10.873688
342	22	-7.507981
0	23	-5.847458
2	23	-12.042984
4	23	-22.412918
6	23	-35.176674
8	23	-48.930381
10	23	-61.807373
12	23	-72.768433
14	23	-82.635239
16	23	-91.096207
18	23	-98.477951
20	23	-104.353195
22	23	-108.239396
24	23	-109.466522
26	23	-107.5681
28	23	-102.498169
30	23	-94.710632
32	23	-85.376938
34	23	-74.841934
36	23	-63.394653
38	23	-52.295853
40	23	-42.015152
42	23	-32.763672
44	23	-24.416916
46	23	-16.960266
48	23	-10.762253
50	23	-6.11528
52	23	-2.797485
54	23	-0.201584
56	23	2.065536
58	23	3.855812
60	23	5.166146
62	23	5.982742
64	23	6.542328
66	23	7.240395
68	23	8.229252
70	23	9.306134
72	23	10.292831
74	23	11.018288
76	23	11.515042
78	23	11.99342
80	23	12.49152
82	23	12.888688
84	23	13.149837
86	23	13.108452
88	23	12.397823
90	23	10.549759
92	23	7.374558
94	23	2.827232
96	23	-3.882034
98	23	-14.458771
100	23	-30.489609
102	23	-52.609543
104	23	-79.154968
106	23	-104.853789
108	23	-122.829273
110	23	-128.727307
112	23	-123.631031
114	23	-112.102792
116	23	-99.657947
118	23	-90.643631
120	23	-85.675842
122	23	-82.02623
124	23	-75.524387
126	23	-62.537606
128	23	-42.599112
130	23	-18.309898
132	23	6.52586
134	23	28.099417
136	23	42.146096
138	23	45.392426
140	23	37.153381
142	23	20.596741
144	23	1.245629
146	23	-16.323333
148	23	-29.11058
150	23	-36.562927
152	23	-40.637833
154	23	-44.273392
156	23	-48.350479
158	23	-51.790878
160	23	-52.465134
162	23	-47.810242
164	23	-35.520172
166	23	-15.510178
168	23	9.643036
170	23	36.129486
172	23	58.811153
174	23	73.941871
176	23	81.227642
178	23	85.020349
180	23	87.885959
182	23	91.639847
184	23	102.406266
186	23	124.052017
188	23	152.319122
190	23	177.932099
192	23	194.635498
194	23	200.710937
196	23	197.328308
198	23	185.261536
200	23	162.675903
202	23	128.302735
204	23	81.104248
206	23	22.319458
208	23	-44.755737
210	23	-115.484864
212	23	-182.889648
214	23	-239.828858
216	23	-281.883178
218	23	-307.751953
220	23	-318.028931
222	23	-314.511475
224	23	-300.531067
226	23	-279.754822
228	23	-254.396362
230	23	-225.564758
232	23	-194.272705
234	23	-162.404418
236	23	-132.038208
238	23	-105.090515
240	23	-82.65387
242	23	-64.731491
244	23	-50.611053
246	23	-39.634247
248	23	-31.58842
250	23	-26.466152
252	23	-23.994522
254	23	-23.303497
256	23	-23.424683
258	23	-23.3479
260	23	-22.046509
262	23	-18.612854
264	23	-12.501709
266	23	-3.385193
268	23	8.926636
270	23	24.186279
272	23	41.484619
274	23	59.482422
276	23	76.02185
278	23	88.3208
280	23	93.837525
282	23	90.901489
284	23	79.338257
286	23	59.86792
288	23	34.699097
290	23	7.768799
292	23	-16.260621
294	23	-33.880249
296	23	-43.696777
298	23	-46.532715
300	23	-45.115174
302	23	-42.299377
304	23	-39.880494
306	23	-39.672272
308	23	-41.923035
310	23	-44.6557
312	23	-45.332871
314	23	-44.29596
316	23	-43.715638
318	23	-44.979542
320	23	-48.024212
322	23	-51.537304
324	23	-53.398758
326	23	-51.891083
328	23	-46.679093
330	23	-38.852425
332	23	-30.015739
334	23	-21.470749
336	23	-15.920898
338	23	-12.679646
340	23	-10.402572
342	23	-7.344273
0	24	-7.482959
2	24	-13.68235
4	24	-23.952317
6	24	-36.380226
8	24	-49.743622
10	24	-62.295792
12	24	-72.967163
14	24	-82.476746
16	24	-90.518708
18	24	-97.317459
20	24	-102.373489
22	24	-105.317291
24	24	-105.816666
26	24	-103.604416
28	24	-98.614182
30	24	-91.187042
32	24	-82.280976
34	24	-72.277832
36	24	-61.500839
38	24	-51.05365
40	24	-41.350129
42	24	-32.494247
44	24	-24.406128
46	24	-17.256165
48	24	-11.41272
50	24	-7.037735
52	24	-3.962586
54	24	-1.579483
56	24	0.500977
58	24	2.186973
60	24	3.548226
62	24	4.617622
64	24	5.587914
66	24	6.699936
68	24	7.981781
70	24	9.179813
72	24	10.11266
74	24	10.621262
76	24	10.81874
78	24	11.006389
80	24	11.310818
82	24	11.641243
84	24	11.962814
86	24	12.069175
88	24	11.560311
90	24	9.988579
92	24	7.053459
94	24	2.661278
96	24	-3.696121
98	24	-13.33564
100	24	-27.700867
102	24	-47.426781
104	24	-71.056389
106	24	-93.84256
108	24	-109.509291
110	24	-114.237747
112	24	-109.205965
114	24	-98.668055
116	24	-87.621507
118	24	-79.815606
120	24	-75.586213
122	24	-72.546397
124	24	-67.310659
126	24	-56.835588
128	24	-40.446241
130	24	-20.061029
132	24	1.194563
134	24	20.298749
136	24	33.458363
138	24	37.218786
140	24	30.457016
142	24	15.656098
144	24	-1.913109
146	24	-17.7602
148	24	-29.284759
150	24	-35.961212
152	24	-39.316544
154	24	-41.802643
156	24	-44.567948
158	24	-47.150482
160	24	-47.801499
162	24	-43.945527
164	24	-33.178459
166	24	-15.320541
168	24	7.219902
170	24	31.059437
172	24	51.030416
174	24	63.085988
176	24	67.266203
178	24	67.970238
180	24	68.412163
182	24	70.862663
184	24	79.490494
186	24	96.802597
188	24	118.990937
190	24	139.68692
192	24	153.963013
194	24	160.098328
196	24	159.473755
198	24	152.27832
200	24	137.050354
202	24	112.656311
204	24	78.11145
206	24	34.46814
208	24	-15.407226
210	24	-68.28302
212	24	-120.008484
214	24	-165.720275
216	24	-201.413635
218	24	-225.362609
220	24	-237.810425
222	24	-240.070313
224	24	-233.781372
226	24	-220.365479
228	24	-201.116882
230	24	-177.542908
232	24	-151.721009
234	24	-126.05661
236	24	-102.330109
238	24	-81.614258
240	24	-64.183563
242	24	-49.583038
244	24	-37.210694
246	24	-26.913948
248	24	-18.867016
250	24	-13.259731
252	24	-9.823845
254	24	-7.805741
256	24	-6.501389
258	24	-5.233521
260	24	-3.417724
262	24	-0.523895
264	24	3.876465
266	24	10.200805
268	24	18.682556
270	24	29.127442
272	24	40.934388
274	24	53.154297
276	24	64.099731
278	24	71.613037
280	24	73.813965
282	24	69.632202
284	24	59.282837
286	24	43.676879
288	24	24.709107
290	24	5.206909
292	24	-11.747193
294	24	-24.02417
296	24	-30.921143
298	24	-33.431823
300	24	-33.469848
302	24	-32.855469
304	24	-33.103607
306	24	-35.528473
308	24	-39.844666
310	24	-43.878418
312	24	-45.205856
314	24	-44.325799
316	24	-43.640885
318	24	-44.716072
320	24	-47.516094
322	24	-50.902662
324	24	-52.745274
326	24	-51.201133
328	24	-45.869667
330	24	-37.947338
332	24	-29.200188
334	24	-20.84272
336	24	-15.499268
338	24	-12.300472
340	24	-10.13274
342	24	-7.272138
0	25	-7.271
2	25	-13.076439
4	25	-22.896256
6	25	-34.805191
8	25	-47.693871
10	25	-59.85624
12	25	-70.202164
14	25	-79.345841
16	25	-86.996109
18	25	-93.357681
20	25	-97.937912
22	25	-100.409653
24	25	-100.56279
26	25	-98.242233
28	25	-93.41246
30	25	-86.341492
32	25	-77.857864
34	25	-68.333786
36	25	-58.129959
38	25	-48.278671
40	25	-39.154114
42	25	-30.828003
44	25	-23.235275
46	25	-16.548142
48	25	-11.094147
50	25	-7.008514
52	25	-4.139267
54	25	-1.89708
56	25	0.078644
58	25	1.694366
60	25	3.016243
62	25	4.086418
64	25	5.083007
66	25	6.213104
68	25	7.489037
70	25	8.668006
72	25	9.568779
74	25	10.033776
76	25	10.201531
78	25	10.372654
80	25	10.674115
82	25	11.01865
84	25	11.364555
86	25	11.505204
88	25	11.063477
90	25	9.615135
92	25	6.856491
94	25	2.696022
96	25	-3.292839
98	25	-12.278808
100	25	-25.591141
102	25	-43.80767
104	25	-65.564602
106	25	-86.476278
108	25	-100.761664
110	25	-104.963054
112	25	-100.22731
114	25	-90.495484
116	25	-80.37595
118	25	-73.27783
120	25	-69.465177
122	25	-66.759071
124	25	-62.110621
126	25	-52.768141
128	25	-38.020779
130	25	-19.515913
132	25	-0.115826
134	25	17.39713
136	25	29.604234
138	25	33.297605
140	25	27.321327
142	25	13.860061
144	25	-2.220154
146	25	-16.701828
148	25	-27.140434
150	25	-33.068298
152	25	-35.947708
154	25	-37.97673
156	25	-40.218445
158	25	-42.364288
160	25	-42.865174
162	25	-39.340103
164	25	-29.584472
166	25	-13.488052
168	25	6.640602
170	25	27.698754
172	25	45.057003
174	25	55.116111
176	25	57.928306
178	25	57.294174
180	25	56.196117
182	25	56.773338
184	25	62.079651
186	25	73.715286
188	25	88.560822
190	25	102.021118
192	25	110.715759
194	25	113.717102
196	25	112.237732
198	25	106.503845
200	25	95.708008
202	25	79.10022
204	25	55.898071
206	25	26.669128
208	25	-6.902954
210	25	-42.663453
212	25	-77.665771
214	25	-108.623718
216	25	-132.902039
218	25	-149.365234
220	25	-158.199646
222	25	-160.250976
224	25	-156.42862
226	25	-147.479096
228	25	-134.337036
230	25	-118.286713
232	25	-101.027649
234	25	-84.277283
236	25	-69.071167
238	25	-55.848144
240	25	-44.570587
242	25	-34.866562
244	25	-26.411865
246	25	-19.23191
248	25	-13.523331
250	25	-9.435883
252	25	-6.816784
254	25	-5.189537
256	25	-4.104981
258	25	-3.147751
260	25	-1.935821
262	25	-0.09079
264	25	2.713837
266	25	6.789337
268	25	12.296143
270	25	19.105377
272	25	26.835998
274	25	34.896363
276	25	42.172546
278	25	47.197998
280	25	48.665954
282	25	45.824097
284	25	38.797607
286	25	28.219971
288	25	15.363403
290	25	2.061462
292	25	-9.69757
294	25	-18.558227
296	25	-23.971741
298	25	-26.533325
300	25	-27.393433
302	25	-27.723022
304	25	-28.718109
306	25	-31.525146
308	25	-35.939163
310	25	-39.980102
312	25	-41.457199
314	25	-40.852165
316	25	-40.445569
318	25	-41.737663
320	25	-44.610798
322	25	-47.961166
324	25	-49.797219
326	25	-48.426419
328	25	-43.481842
330	25	-36.069985
332	25	-27.863281
334	25	-19.962967
336	25	-14.921459
338	25	-11.843251
340	25	-9.755764
342	25	-7.111208
