0	1	19.29281
2	1	18.584046
4	1	22.54408
6	1	23.640294
8	1	26.329593
10	1	29.996988
12	1	33.028681
14	1	36.881262
16	1	42.461258
18	1	50.06453
20	1	59.301948
22	1	67.620247
24	1	73.263481
26	1	74.358788
28	1	71.939827
30	1	68.293525
32	1	64.753563
34	1	61.468048
36	1	58.043137
38	1	54.535691
40	1	51.108613
42	1	47.197434
44	1	43.050416
46	1	38.668381
48	1	33.572929
50	1	27.082344
52	1	18.091461
54	1	7.649589
56	1	-3.447411
58	1	-13.751263
60	1	-23.164493
62	1	-31.902719
64	1	-40.476784
66	1	-48.893471
68	1	-56.634338
70	1	-63.217689
72	1	-68.110222
74	1	-70.682678
76	1	-70.580872
78	1	-68.659378
80	1	-65.781174
82	1	-62.666977
84	1	-60.120087
86	1	-57.950432
88	1	-52.115982
90	1	-37.464085
92	1	-15.252405
94	1	4.540603
96	1	12.44571
98	1	9.243042
100	1	4.541412
102	1	4.081733
104	1	9.323944
106	1	21.55085
108	1	42.415878
110	1	72.257508
112	1	108.256332
114	1	142.774917
116	1	165.086121
118	1	167.142547
120	1	149.572586
122	1	121.003769
124	1	92.294312
126	1	72.942688
128	1	68.16687
130	1	72.959198
132	1	74.969085
134	1	66.634125
136	1	50.1147
138	1	36.114869
140	1	32.897919
142	1	43.196151
144	1	60.730606
146	1	73.055229
148	1	72.092338
150	1	64.251282
152	1	63.581952
154	1	82.871967
156	1	140.814461
158	1	256.363144
160	1	427.761108
162	1	626.083741
164	1	816.799012
166	1	978.566345
168	1	1115.044373
170	1	1240.095154
172	1	1369.998902
174	1	1494.705444
176	1	1465.14859
178	1	1126.403717
180	1	620.655106
182	1	342.790161
184	1	284.481781
186	1	313.091782
188	1	341.576937
190	1	369.753204
192	1	400.993378
194	1	439.134094
196	1	482.913452
198	1	525.173462
200	1	561.467651
202	1	594.092041
204	1	626.310302
206	1	657.579101
208	1	684.360596
210	1	704.109253
212	1	718.044922
214	1	730.359985
216	1	744.729858
218	1	761.592652
220	1	778.550415
222	1	792.876465
224	1	803.308105
226	1	809.711425
228	1	811.494873
230	1	806.35144
232	1	790.428711
234	1	760.160157
236	1	714.516113
238	1	654.998047
240	1	582.810852
242	1	497.500183
244	1	400.200623
246	1	296.445587
248	1	192.25518
250	1	87.906671
252	1	-21.62735
254	1	-140.285675
256	1	-267.529968
258	1	-400.636475
260	1	-536.41333
262	1	-669.692139
264	1	-794.134155
266	1	-906.283691
268	1	-1005.556275
270	1	-1089.231445
272	1	-1151.866211
274	1	-1191.601318
276	1	-1212.273926
278	1	-1216.694824
280	1	-1202.708252
282	1	-1169.154053
284	1	-1121.474365
286	1	-1068.398926
288	1	-1015.231323
290	1	-958.842164
292	1	-886.527344
294	1	-785.221313
296	1	-657.31659
298	1	-525.2789
300	1	-415.555542
302	1	-332.67189
304	1	-262.044281
306	1	-195.783767
308	1	-140.243805
310	1	-104.35157
312	1	-89.855861
314	1	-87.426531
316	1	-84.292817
318	1	-75.448953
320	1	-59.932309
322	1	-38.606484
324	1	-14.391116
326	1	4.80556
328	1	10.784298
330	1	8.370368
332	1	7.137048
334	1	9.900331
336	1	11.789767
338	1	11.403
340	1	9.391348
342	1	5.694417
0	2	34.07534
2	2	40.035233
4	2	52.393974
6	2	56.595327
8	2	62.288601
10	2	66.621617
12	2	69.378849
14	2	71.307327
16	2	74.960797
18	2	81.007775
20	2	89.00975
22	2	96.255211
24	2	101.271256
26	2	103.45697
28	2	103.639939
30	2	102.944
32	2	102.610184
34	2	102.165436
36	2	100.954468
38	2	98.725738
40	2	95.526565
42	2	91.713242
44	2	87.858856
46	2	83.884567
48	2	78.969315
50	2	71.78276
52	2	61.580704
54	2	48.611054
56	2	34.639251
58	2	20.936134
60	2	8.227528
62	2	-3.914728
64	2	-15.82263
66	2	-27.083915
68	2	-37.406646
70	2	-46.60083
72	2	-54.024445
74	2	-58.586067
76	2	-60.491836
78	2	-60.297852
80	2	-58.416779
82	2	-55.865723
84	2	-54.005607
86	2	-52.744019
88	2	-46.254013
90	2	-27.433933
92	2	0.980248
94	2	24.773651
96	2	32.274704
98	2	26.036896
100	2	18.471497
102	2	16.716568
104	2	22.884796
106	2	39.460648
108	2	69.458191
110	2	113.638489
112	2	167.96875
114	2	222.164245
116	2	262.387878
118	2	279.125916
120	2	271.052308
122	2	244.27887
124	2	209.997558
126	2	182.116852
128	2	170.622741
130	2	171.77475
132	2	171.569611
134	2	160.155121
136	2	138.116852
138	2	115.884735
140	2	107.455047
142	2	115.533844
144	2	130.082107
146	2	136.101333
148	2	127.777313
150	2	112.272243
152	2	104.745237
154	2	124.35844
156	2	192.474861
158	2	319.927933
160	2	494.009552
162	2	691.802307
164	2	886.204223
166	2	1052.870605
168	2	1153.702942
170	2	1149.913514
172	2	1039.082153
174	2	927.030334
176	2	929.079102
178	2	888.280579
180	2	608.430054
182	2	354.449982
184	2	307.028328
186	2	331.844123
188	2	385.534973
190	2	427.281952
192	2	466.790345
194	2	508.806946
196	2	552.647583
198	2	596.794433
200	2	640.739624
202	2	684.542846
204	2	727.655029
206	2	767.434692
208	2	799.72168
210	2	822.171387
212	2	836.746582
214	2	848.651855
216	2	862.208252
218	2	877.542968
220	2	891.241455
222	2	899.767578
224	2	901.91626
226	2	898.321045
228	2	889.239013
230	2	872.843506
232	2	845.485229
234	2	803.988037
236	2	748.060547
238	2	679.819458
240	2	600.401001
242	2	508.67926
244	2	405.135926
246	2	295.079071
248	2	184.599625
250	2	73.865875
252	2	-42.660308
254	2	-169.480591
256	2	-306.343994
258	2	-450.798461
260	2	-600.175903
262	2	-749.558716
264	2	-892.093261
266	2	-1023.788574
268	2	-1144.335205
270	2	-1251.119628
272	2	-1337.310058
274	2	-1399.189453
276	2	-1439.895508
278	2	-1461.663575
280	2	-1460.416992
282	2	-1432.975831
284	2	-1384.239014
286	2	-1323.023438
288	2	-1254.532226
290	2	-1176.942016
292	2	-1081.393921
294	2	-958.499512
296	2	-812.777222
298	2	-670.265442
300	2	-557.35791
302	2	-469.75647
304	2	-388.014709
306	2	-304.738953
308	2	-231.448563
310	2	-182.090119
312	2	-158.599968
314	2	-149.537147
316	2	-143.834923
318	2	-131.713078
320	2	-107.173303
322	2	-72.635589
324	2	-36.130928
326	2	-8.195435
328	2	5.518844
330	2	11.277028
332	2	19.332844
334	2	26.242786
336	2	26.539383
338	2	20.768058
340	2	14.202742
342	2	7.972761
0	3	36.632962
2	3	44.500842
4	3	62.579403
6	3	71.303665
8	3	81.676758
10	3	88.890853
12	3	93.517582
14	3	97.156952
16	3	100.54808
18	3	105.764534
20	3	112.666657
22	3	120.479797
24	3	126.452149
26	3	130.626572
28	3	133.155579
30	3	134.044235
32	3	133.875335
34	3	132.370025
36	3	129.513703
38	3	124.878388
40	3	118.617553
42	3	112.448273
44	3	106.959991
46	3	101.417084
48	3	94.760498
50	3	85.843765
52	3	74.326599
54	3	59.927139
56	3	44.50322
58	3	29.357452
60	3	15.274635
62	3	2.190651
64	3	-9.742505
66	3	-20.228268
68	3	-29.172285
70	3	-36.521419
72	3	-41.870323
74	3	-44.935898
76	3	-45.834298
78	3	-44.826958
80	3	-42.328964
82	3	-39.618706
84	3	-38.204254
86	3	-36.438232
88	3	-27.617031
90	3	-5.927404
92	3	22.828369
94	3	45.472458
96	3	52.459961
98	3	46.208329
100	3	38.209671
102	3	36.723511
104	3	44.68985
106	3	64.862793
108	3	99.901505
110	3	149.547973
112	3	208.272003
114	3	265.258118
116	3	306.473785
118	3	321.571258
120	3	309.493805
122	3	277.684326
124	3	238.181396
126	3	203.694335
128	3	181.595642
130	3	168.38919
132	3	155.908753
134	3	140.862671
136	3	123.398041
138	3	107.375366
140	3	97.89447
142	3	96.553925
144	3	98.444152
146	3	95.347275
148	3	82.660873
150	3	63.256256
152	3	47.393034
154	3	52.966178
156	3	94.797102
158	3	177.006188
160	3	292.192444
162	3	422.545349
164	3	543.851044
166	3	626.920837
168	3	642.607239
170	3	570.996155
172	3	435.292297
174	3	293.829285
176	3	255.791565
178	3	347.911041
180	3	377.566071
182	3	338.916962
184	3	306.456452
186	3	312.616119
188	3	370.282227
190	3	444.267701
192	3	510.751404
194	3	567.36914
196	3	615.925659
198	3	662.755249
200	3	713.264526
202	3	767.500244
204	3	821.164795
206	3	868.547852
208	3	904.514404
210	3	926.889405
212	3	938.047363
214	3	943.721924
216	3	948.936035
218	3	954.515381
220	3	957.520752
222	3	954.642334
224	3	944.831787
226	3	929.038818
228	3	908.076661
230	3	880.915039
232	3	844.852295
234	3	797.529297
236	3	739.015625
238	3	671.3844
240	3	595.774659
242	3	511.078247
244	3	416.936096
246	3	316.69696
248	3	214.731606
250	3	111.106705
252	3	1.177246
254	3	-119.270325
256	3	-250.578369
258	3	-390.914185
260	3	-538.26355
262	3	-689.109863
264	3	-838.117187
266	3	-981.468017
268	3	-1118.107178
270	3	-1245.616943
272	3	-1358.080566
274	3	-1451.006592
276	3	-1524.655029
278	3	-1578.671386
280	3	-1607.640381
282	3	-1606.696045
284	3	-1578.109375
286	3	-1528.481446
288	3	-1462.119873
290	3	-1377.912353
292	3	-1269.818603
294	3	-1133.104981
296	3	-978.200318
298	3	-835.212402
300	3	-721.612793
302	3	-625.80072
304	3	-530.058624
306	3	-431.525452
308	3	-344.758423
310	3	-284.872498
312	3	-250.85762
314	3	-228.341851
316	3	-205.991883
318	3	-176.143349
320	3	-137.906555
322	3	-97.018113
324	3	-59.446602
326	3	-29.508095
328	3	-10.048332
330	3	5.049912
332	3	20.075825
334	3	26.769596
336	3	24.571727
338	3	18.726589
340	3	12.861562
342	3	7.141769
0	4	35.344644
2	4	43.252464
4	4	61.067855
6	4	69.609886
8	4	80.225853
10	4	87.888713
12	4	93.265991
14	4	98.764618
16	4	104.876267
18	4	111.44104
20	4	117.972519
22	4	125.517777
24	4	131.691651
26	4	134.960251
28	4	135.408188
30	4	134.924255
32	4	133.340088
34	4	130.639679
36	4	126.815979
38	4	122.159088
40	4	116.159821
42	4	109.645477
44	4	103.367614
46	4	97.316895
48	4	91.032257
50	4	83.553803
52	4	73.375275
54	4	59.995087
56	4	44.678788
58	4	28.777816
60	4	13.649604
62	4	-0.125824
64	4	-12.187406
66	4	-22.503767
68	4	-31.212784
70	4	-38.277591
72	4	-43.314209
74	4	-46.075249
76	4	-46.407883
78	4	-44.465592
80	4	-41.409187
82	4	-38.150292
84	4	-35.284679
86	4	-30.437126
88	4	-18.040589
90	4	3.676643
92	4	26.598252
94	4	42.761032
96	4	47.365845
98	4	42.666412
100	4	36.119934
102	4	34.593933
104	4	42.012634
106	4	60.885773
108	4	92.681397
110	4	136.16571
112	4	186.071228
114	4	233.20047
116	4	266.677063
118	4	278.349579
120	4	267.52597
122	4	240.466583
124	4	207.074738
126	4	176.862183
128	4	154.033355
130	4	137.251129
132	4	125.372193
134	4	117.619263
136	4	110.589325
138	4	101.561218
140	4	90.320617
142	4	78.244995
144	4	64.959198
146	4	47.736786
148	4	23.829651
150	4	-6.496162
152	4	-37.830936
154	4	-59.314087
156	4	-57.683724
158	4	-23.491535
160	4	42.737602
162	4	129.589615
164	4	215.941925
166	4	274.972961
168	4	285.537048
170	4	244.095398
172	4	172.592346
174	4	102.007019
176	4	68.431977
178	4	113.235015
180	4	182.12555
182	4	242.356689
184	4	282.063415
186	4	304.834595
188	4	356.702027
190	4	439.097534
192	4	530.630127
194	4	612.556885
196	4	678.96936
198	4	735.924561
200	4	792.520996
202	4	851.93872
204	4	909.962402
206	4	959.251709
208	4	993.619873
210	4	1010.786376
212	4	1013.240479
214	4	1006.91748
216	4	997.555908
218	4	987.290039
220	4	974.52002
222	4	956.755615
224	4	933.266602
226	4	905.164551
228	4	873.558349
230	4	837.995361
232	4	796.588135
234	4	747.628906
236	4	691.198242
238	4	628.939819
240	4	561.892701
242	4	489.173217
244	4	409.806213
246	4	325.189545
248	4	237.859665
250	4	147.776825
252	4	51.373779
254	4	-55.118286
256	4	-172.755127
258	4	-300.673706
260	4	-437.811035
262	4	-582.239257
264	4	-730.437988
266	4	-879.168213
268	4	-1026.796875
270	4	-1170.995361
272	4	-1306.815673
274	4	-1429.404541
276	4	-1536.604492
278	4	-1625.833985
280	4	-1690.780517
282	4	-1725.244629
284	4	-1728.833741
286	4	-1705.507812
288	4	-1657.646485
290	4	-1582.748291
292	4	-1475.059082
294	4	-1334.47644
296	4	-1179.248535
298	4	-1036.858704
300	4	-912.898132
302	4	-797.843811
304	4	-683.437133
306	4	-572.485871
308	4	-475.98581
310	4	-404.094605
312	4	-352.182678
314	4	-306.669144
316	4	-260.194931
318	4	-210.906586
320	4	-162.595383
322	4	-119.763917
324	4	-83.815033
326	4	-54.504288
328	4	-30.469879
330	4	-6.84845
332	4	13.368012
334	4	19.590469
336	4	16.9319
338	4	12.799392
340	4	8.941822
342	4	4.904716
0	5	34.25632
2	5	42.976162
4	5	60.284797
6	5	69.066192
8	5	79.775001
10	5	86.988636
12	5	90.947892
14	5	95.160393
16	5	100.96595
18	5	108.326355
20	5	116.211609
22	5	122.128372
24	5	125.09813
26	5	125.242019
28	5	124.283158
30	5	122.808349
32	5	120.250123
34	5	116.863983
36	5	112.600861
38	5	107.390656
40	5	101.847198
42	5	96.028687
44	5	90.098236
46	5	85.040588
48	5	80.462158
50	5	74.257553
52	5	65.788178
54	5	54.940643
56	5	41.730698
58	5	27.13382
60	5	12.483788
62	5	-0.839577
64	5	-12.121906
66	5	-21.422708
68	5	-29.127654
70	5	-35.202229
72	5	-39.198086
74	5	-40.893738
76	5	-40.501854
78	5	-38.421631
80	5	-35.016262
82	5	-31.168198
84	5	-27.442875
86	5	-21.83427
88	5	-9.454365
90	5	9.009056
92	5	25.943772
94	5	36.526382
96	5	39.938568
98	5	37.965454
100	5	34.950226
102	5	35.405091
104	5	42.816894
106	5	59.398621
108	5	85.951172
110	5	121.146149
112	5	160.774505
114	5	197.662964
116	5	223.726563
118	5	233.417816
120	5	226.328552
122	5	207.013824
124	5	182.371124
126	5	157.958344
128	5	135.889007
130	5	116.979828
132	5	104.147949
134	5	99.066467
136	5	97.200195
138	5	91.490723
140	5	77.931
142	5	57.400055
144	5	32.208512
146	5	2.918686
148	5	-31.964577
150	5	-73.980152
152	5	-122.607918
154	5	-172.422257
156	5	-208.305054
158	5	-209.09877
160	5	-163.875473
162	5	-80.864338
164	5	15.745483
166	5	94.971954
168	5	136.266694
170	5	140.517395
172	5	126.175354
174	5	110.859069
176	5	103.953247
178	5	120.080505
180	5	153.710755
182	5	208.832336
184	5	281.510071
186	5	338.061096
188	5	390.787964
190	5	462.582031
192	5	553.970459
194	5	651.585937
196	5	739.644531
198	5	813.635009
200	5	878.136719
202	5	937.802491
204	5	991.878174
206	5	1035.218506
208	5	1062.473633
210	5	1071.382325
212	5	1063.85791
214	5	1045.221192
216	5	1021.396729
218	5	995.676513
220	5	967.870362
222	5	936.401367
224	5	900.897949
226	5	862.66919
228	5	823.101806
230	5	782.098145
232	5	738.128174
234	5	689.671875
236	5	636.650879
238	5	580.350952
240	5	521.666748
242	5	459.822632
244	5	393.602722
246	5	323.471711
248	5	250.977063
250	5	175.838303
252	5	94.760925
254	5	3.857788
256	5	-98.728149
258	5	-213.103149
260	5	-339.026612
262	5	-475.579346
264	5	-620.41333
266	5	-770.863281
268	5	-925.087402
270	5	-1080.711426
272	5	-1233.283204
274	5	-1377.833984
276	5	-1510.876465
278	5	-1628.684082
280	5	-1724.956054
282	5	-1793.431153
284	5	-1832.408203
286	5	-1843.793213
288	5	-1827.438233
290	5	-1777.478027
292	5	-1685.827637
294	5	-1554.368408
296	5	-1402.216309
298	5	-1248.222657
300	5	-1097.948059
302	5	-955.286621
304	5	-823.803406
306	5	-703.492309
308	5	-595.142456
310	5	-504.442352
312	5	-428.428741
314	5	-359.171173
316	5	-293.065461
318	5	-232.291626
320	5	-180.566253
322	5	-139.024659
324	5	-105.039704
326	5	-75.464325
328	5	-47.078277
330	5	-18.590271
332	5	1.78299
334	5	6.983948
336	5	6.027511
338	5	5.092117
340	5	3.87371
342	5	2.223736
0	6	32.503082
2	6	41.016037
4	6	57.901932
6	6	66.918122
8	6	78.12733
10	6	85.286735
12	6	88.548904
14	6	92.102592
16	6	96.825317
18	6	102.090637
20	6	107.203827
22	6	110.875183
24	6	111.684875
26	6	109.531891
28	6	105.998504
30	6	102.673294
32	6	100.011673
34	6	97.435867
36	6	94.128998
38	6	89.778289
40	6	84.871613
42	6	79.944794
44	6	75.518692
46	6	71.906478
48	6	68.553177
50	6	64.227676
52	6	58.072953
54	6	49.493042
56	6	38.368942
58	6	25.377518
60	6	11.904976
62	6	-0.496666
64	6	-10.895485
66	6	-19.211253
68	6	-25.744682
70	6	-30.514794
72	6	-33.285981
74	6	-34.018646
76	6	-32.993508
78	6	-30.588902
80	6	-27.156719
82	6	-23.217903
84	6	-18.971534
86	6	-12.784807
88	6	-2.020909
90	6	11.423431
92	6	21.810211
94	6	27.44101
96	6	29.830261
98	6	30.19635
100	6	30.096359
102	6	32.090576
104	6	38.837921
106	6	51.762573
108	6	70.822876
110	6	94.806031
112	6	121.311249
114	6	146.512695
116	6	166.066498
118	6	176.554626
120	6	176.851196
122	6	168.599152
124	6	155.076355
126	6	138.601837
128	6	120.084809
130	6	102.21228
132	6	90.471955
134	6	87.699981
136	6	88.930573
138	6	84.902985
140	6	69.323303
142	6	42.403961
144	6	7.601731
146	6	-32.48938
148	6	-77.606887
150	6	-129.100735
152	6	-189.291077
154	6	-255.94571
156	6	-311.651916
158	6	-326.502838
160	6	-281.184128
162	6	-183.787667
164	6	-64.343733
166	6	42.522126
168	6	116.330078
170	6	156.62326
172	6	175.27829
174	6	182.714661
176	6	185.133698
178	6	192.486084
180	6	208.661987
182	6	248.97461
184	6	322.818604
186	6	398.564575
188	6	460.856567
190	6	523.619384
192	6	602.406006
194	6	697.650635
196	6	795.676269
198	6	882.211426
200	6	952.251221
202	6	1007.741699
204	6	1051.556641
206	6	1083.361328
208	6	1100.702393
210	6	1101.529541
212	6	1086.295898
214	6	1058.774658
216	6	1024.402588
218	6	987.225097
220	6	948.300293
222	6	906.925537
224	6	863.01001
226	6	817.933838
228	6	773.274658
230	6	729.221192
232	6	684.420166
234	6	637.271484
236	6	587.379394
238	6	535.684448
240	6	483.014404
242	6	428.835816
244	6	372.095886
246	6	313.005219
248	6	252.676514
250	6	190.610352
252	6	123.410218
254	6	46.742554
256	6	-42.11377
258	6	-144.084716
260	6	-259.422851
262	6	-387.68042
264	6	-527.146729
266	6	-675.529297
268	6	-830.853027
270	6	-990.718262
272	6	-1151.181641
274	6	-1307.65625
276	6	-1456.401367
278	6	-1593.612305
280	6	-1713.863281
282	6	-1811.913574
284	6	-1885.90332
286	6	-1936.005371
288	6	-1958.722656
290	6	-1943.519531
292	6	-1878.166992
294	6	-1761.105957
296	6	-1604.687378
298	6	-1425.043579
300	6	-1240.040161
302	6	-1070.870117
304	6	-926.651916
306	6	-796.652405
308	6	-672.786315
310	6	-560.399475
312	6	-462.529541
314	6	-377.27472
316	6	-302.531189
318	6	-239.731414
320	6	-189.360565
322	6	-150.223907
324	6	-118.407196
326	6	-89.564637
328	6	-60.123992
330	6	-31.727295
332	6	-13.710632
334	6	-7.835923
336	6	-5.134231
338	6	-2.731308
340	6	-1.38562
342	6	-0.677559
0	7	29.752888
2	7	37.25034
4	7	53.792874
6	7	62.877354
8	7	75.592354
10	7	82.908196
12	7	85.559739
14	7	88.394439
16	7	92.114876
18	7	95.237854
20	7	96.96083
22	7	97.16629
24	7	95.454712
26	7	91.973831
28	7	87.841171
30	7	84.269211
32	7	81.670792
34	7	79.495178
36	7	76.844895
38	7	73.259491
40	7	69.09494
42	7	65.035171
44	7	61.705383
46	7	59.3311
48	7	57.367996
50	7	54.746398
52	7	50.431518
54	7	43.682586
56	7	34.346023
58	7	22.989365
60	7	10.855606
62	7	-0.540581
64	7	-10.092693
66	7	-17.467927
68	7	-22.811379
70	7	-26.220565
72	7	-27.729864
74	7	-27.553493
76	7	-26.059887
78	7	-23.568966
80	7	-20.355484
82	7	-16.782471
84	7	-12.877483
86	7	-7.258202
88	7	1.600323
90	7	11.186958
92	7	17.009399
94	7	19.106369
96	7	20.326675
98	7	21.950562
100	7	23.79155
102	7	26.733261
104	7	32.414795
106	7	41.342987
108	7	52.733429
110	7	65.683411
112	7	79.714417
114	7	94.330139
116	7	108.596466
118	7	120.861511
120	7	129.118714
122	7	132.0578
124	7	129.405731
126	7	120.976898
128	7	107.302551
130	7	92.368103
132	7	82.772705
134	7	81.748779
136	7	84.359345
138	7	80.611344
140	7	63.241379
142	7	31.918091
144	7	-9.555985
146	7	-57.384536
148	7	-109.288697
150	7	-165.215225
152	7	-228.084869
154	7	-297.661072
156	7	-357.168915
158	7	-373.690949
160	7	-323.409363
162	7	-214.695481
164	7	-81.560555
166	7	41.133019
168	7	135.201416
170	7	197.695542
172	7	232.880249
174	7	247.358093
176	7	251.155578
178	7	257.529663
180	7	273.469544
182	7	311.354919
184	7	382.205932
186	7	465.687866
188	7	536.804566
190	7	597.931152
192	7	665.509033
194	7	748.510009
196	7	840.269776
198	7	925.444824
200	7	992.726074
202	7	1040.026367
204	7	1071.846679
206	7	1091.928955
208	7	1100.623291
210	7	1095.839355
212	7	1076.285401
214	7	1043.977295
216	7	1003.581787
218	7	959.517822
220	7	913.770752
222	7	866.343506
224	7	817.348877
226	7	768.145752
228	7	720.409912
230	7	674.582032
232	7	629.522705
234	7	583.617919
236	7	536.218506
238	7	487.995117
240	7	439.805054
242	7	391.497559
244	7	342.374634
246	7	292.583679
248	7	242.911817
250	7	192.670944
252	7	138.426514
254	7	75.554566
256	7	0.669921
258	7	-87.789551
260	7	-190.411621
262	7	-307.029297
264	7	-436.388184
266	7	-576.563965
268	7	-725.685547
270	7	-881.612305
272	7	-1041.219727
274	7	-1200.967286
276	7	-1357.878418
278	7	-1508.821289
280	7	-1649.432129
282	7	-1775.555176
284	7	-1885.139649
286	7	-1975.878906
288	7	-2039.773438
290	7	-2061.058838
292	7	-2022.130615
294	7	-1914.33374
296	7	-1744.218994
298	7	-1534.132934
300	7	-1319.777099
302	7	-1133.970948
304	7	-980.380004
306	7	-837.887391
308	7	-697.089721
310	7	-567.455018
312	7	-457.239074
314	7	-366.595215
316	7	-292.452331
318	7	-232.814454
320	7	-185.728668
322	7	-149.78891
324	7	-121.793823
326	7	-96.760925
328	7	-70.219849
330	7	-44.879608
332	7	-29.013214
334	7	-20.691284
336	7	-14.566895
338	7	-9.550323
340	7	-6.400238
342	7	-3.798904
0	8	22.630819
2	8	30.10941
4	8	44.902853
6	8	54.670636
8	8	69.203361
10	8	77.643465
12	8	82.416241
14	8	86.555596
16	8	89.699207
18	8	91.453949
20	8	91.30835
22	8	88.995346
24	8	84.990174
26	8	79.976425
28	8	74.904587
30	8	70.611252
32	8	67.364731
34	8	64.766602
36	8	62.079055
38	8	58.792374
40	8	55.081833
42	8	51.603836
44	8	49.025772
46	8	47.561783
48	8	46.687912
50	8	45.352585
52	8	42.478623
54	8	37.286575
56	8	29.576309
58	8	19.812836
60	8	9.064324
62	8	-1.267373
64	8	-9.974182
66	8	-16.471668
68	8	-20.753907
70	8	-23.008511
72	8	-23.500786
74	8	-22.639601
76	8	-20.866281
78	8	-18.462217
80	8	-15.590132
82	8	-12.462233
84	8	-9.018912
86	8	-4.206082
88	8	2.787476
90	8	9.549362
92	8	12.769897
94	8	13.150712
96	8	13.766129
98	8	15.891358
100	8	18.67154
102	8	21.86879
104	8	26.046631
106	8	30.876404
108	8	35.169831
110	8	38.559967
112	8	42.374787
114	8	48.841613
116	8	59.513855
118	8	73.741303
120	8	88.565705
122	8	100.323547
124	8	106.190857
126	8	104.509064
128	8	95.816345
130	8	84.656342
132	8	77.7211
134	8	78.113983
136	8	81.132629
138	8	76.977935
140	8	58.309692
142	8	24.552078
144	8	-20.492981
146	8	-72.233446
148	8	-126.63657
150	8	-181.890098
152	8	-240.773682
154	8	-305.333587
156	8	-361.281006
158	8	-375.35141
160	8	-322.124237
162	8	-210.487579
164	8	-75.274398
166	8	51.162179
168	8	153.371528
170	8	226.239807
172	8	268.606125
174	8	285.017395
176	8	288.94281
178	8	297.030213
180	8	318.614685
182	8	361.908692
184	8	434.140137
186	8	522.35083
188	8	601.756348
190	8	664.480224
192	8	722.831543
194	8	788.406982
196	8	861.292481
198	8	931.041992
200	8	986.509033
202	8	1023.514405
204	8	1046.029541
206	8	1058.720215
208	8	1062.596191
210	8	1055.056884
212	8	1033.620117
214	8	999.09082
216	8	955.466308
218	8	907.311035
220	8	857.302491
222	8	806.104249
224	8	754.091309
226	8	702.562744
228	8	653.148438
230	8	606.466309
232	8	561.691162
234	8	517.42041
236	8	472.982422
238	8	428.912598
240	8	386.096314
242	8	344.665161
244	8	304.172058
246	8	264.645599
248	8	226.5126
250	8	188.916504
252	8	148.563232
254	8	100.904785
256	8	42.289306
258	8	-29.263184
260	8	-114.659668
262	8	-214.068359
264	8	-326.757568
266	8	-451.394532
268	8	-586.646484
270	8	-731.089843
272	8	-882.816406
274	8	-1039.852539
276	8	-1200.615722
278	8	-1362.955078
280	8	-1523.264648
282	8	-1677.750488
284	8	-1823.195801
286	8	-1953.697754
288	8	-2055.969727
290	8	-2108.84375
292	8	-2089.621582
294	8	-1985.270752
296	8	-1802.639649
298	8	-1571.836792
300	8	-1339.884766
302	8	-1144.526855
304	8	-982.960693
306	8	-829.150391
308	8	-676.342224
310	8	-538.485657
312	8	-425.568908
314	8	-336.717712
316	8	-266.822998
318	8	-211.42749
320	8	-168.564758
322	8	-137.598632
324	8	-115.52295
326	8	-96.311279
328	8	-75.206604
330	8	-54.727783
332	8	-40.568512
334	8	-30.037781
336	8	-21.276916
338	8	-14.83641
340	8	-10.803406
342	8	-6.740067
0	9	11.623072
2	9	19.158758
4	9	32.312082
6	9	43.268776
8	9	59.814022
10	9	72.476688
12	9	80.253446
14	9	86.670642
16	9	92.205675
18	9	94.242534
20	9	93.263107
22	9	89.437211
24	9	83.126107
26	9	75.893174
28	9	69.061172
30	9	63.192749
32	9	58.377518
34	9	54.39328
36	9	50.798843
38	9	47.178543
40	9	43.532714
42	9	40.33191
44	9	38.151474
46	9	37.159042
48	9	36.868408
50	9	36.313843
52	9	34.444366
54	9	30.484924
56	9	24.201859
58	9	15.944671
60	9	6.594208
62	9	-2.604774
64	9	-10.420108
66	9	-16.090633
68	9	-19.492422
70	9	-20.877515
72	9	-20.669672
74	9	-19.39215
76	9	-17.506253
78	9	-15.250599
80	9	-12.712265
82	9	-9.994865
84	9	-7.002133
86	9	-2.980762
88	9	2.445121
90	9	7.264946
92	9	9.136155
94	9	8.914962
96	9	9.397767
98	9	11.721024
100	9	14.793122
102	9	17.708359
104	9	20.146393
106	9	21.149338
108	9	19.482605
110	9	15.472686
112	9	11.87207
114	9	12.750305
116	9	21.169494
118	9	36.945007
120	9	56.362152
122	9	74.197692
124	9	86.065094
126	9	89.559784
128	9	85.30188
130	9	77.851379
132	9	73.449676
134	9	74.826507
136	9	77.642578
138	9	72.86171
140	9	53.617019
142	9	19.249817
144	9	-26.558761
146	9	-78.736479
148	9	-131.991851
150	9	-183.152099
152	9	-235.174195
154	9	-292.380738
156	9	-342.831818
158	9	-353.925506
160	9	-300.664703
162	9	-192.576691
164	9	-62.979981
166	9	59.475586
168	9	161.47056
170	9	236.520096
172	9	280.549591
174	9	297.035492
176	9	301.044739
178	9	311.217408
180	9	338.460205
182	9	388.127564
184	9	463.466186
186	9	554.444336
188	9	638.886963
190	9	703.321289
192	9	753.003417
194	9	799.343994
196	9	848.085205
198	9	895.93457
200	9	936.025146
202	9	964.415772
204	9	983.060791
206	9	994.28125
208	9	997.352539
210	9	988.878418
212	9	966.072266
214	9	929.398437
216	9	882.611816
218	9	830.505615
220	9	776.47876
222	9	721.99707
224	9	667.845704
226	9	615.267578
228	9	565.714844
230	9	519.846192
232	9	477.110596
234	9	436.374024
236	9	397.00586
238	9	359.387939
240	9	324.296875
242	9	291.945557
244	9	261.989197
246	9	234.323456
248	9	209.080746
250	9	185.343383
252	9	160.147644
254	9	129.335449
256	9	89.316773
258	9	37.855713
260	9	-26.329102
262	9	-103.878418
264	9	-194.713135
266	9	-298.299317
268	9	-414.168457
270	9	-541.942872
272	9	-681.127441
274	9	-831.415039
276	9	-992.693359
278	9	-1163.741699
280	9	-1341.355957
282	9	-1521.393554
284	9	-1698.715821
286	9	-1863.521973
288	9	-1997.589356
290	9	-2075.353027
292	9	-2071.288574
294	9	-1971.553955
296	9	-1784.587891
298	9	-1546.689697
300	9	-1312.413086
302	9	-1116.021241
304	9	-947.832153
306	9	-784.392823
308	9	-626.157471
310	9	-489.060546
312	9	-379.804322
314	9	-295.2146
316	9	-230.142456
318	9	-180.024598
320	9	-142.884827
322	9	-118.146911
324	9	-102.630188
326	9	-90.003357
328	9	-75.437378
330	9	-60.258729
332	9	-47.684815
334	9	-35.354126
336	9	-25.186493
338	9	-18.503784
340	9	-14.153381
342	9	-9.040314
0	10	1.4911
2	10	9.249194
4	10	22.024948
6	10	34.832645
8	10	52.79002
10	10	69.082294
12	10	79.170486
14	10	87.630115
16	10	95.288797
18	10	99.339982
20	10	99.31937
22	10	95.422688
24	10	88.238754
26	10	79.142601
28	10	69.883728
30	10	61.46431
32	10	54.148635
34	10	47.960877
36	10	42.765351
38	10	38.289734
40	10	34.361481
42	10	31.166703
44	10	29.086288
46	10	28.194092
48	10	28.01828
50	10	27.69696
52	10	26.275116
54	10	23.060028
56	10	17.84935
58	10	10.8974
60	10	2.885643
62	10	-5.139595
64	10	-12.0397
66	10	-17.005871
68	10	-19.835201
70	10	-20.763189
72	10	-20.248438
74	10	-18.819438
76	10	-16.908252
78	10	-14.738881
80	10	-12.379565
82	10	-9.8854
84	10	-7.158093
86	10	-3.689333
88	10	0.667805
90	10	4.359856
92	10	5.747406
94	10	5.568283
96	10	6.148086
98	10	8.503067
100	10	11.492172
102	10	13.794922
104	10	14.459045
106	10	12.187012
108	10	5.98758
110	10	-3.117096
112	10	-11.455872
114	10	-13.976196
116	10	-6.912048
118	10	9.71698
120	10	31.782226
122	10	53.238647
124	10	68.91037
126	10	76.096649
128	10	75.4646
130	10	71.255951
132	10	68.972611
134	10	70.887863
136	10	73.141602
138	10	67.783844
140	10	48.706924
142	10	15.277252
144	10	-29.045327
146	10	-79.010437
148	10	-128.628643
150	10	-174.173187
152	10	-219.182983
154	10	-269.509156
156	10	-314.643219
158	10	-323.232971
160	10	-271.943817
162	10	-170.860779
164	10	-50.68161
166	10	63.72187
168	10	160.588154
170	10	232.911106
172	10	275.58844
174	10	291.541595
176	10	295.82248
178	10	307.470154
180	10	337.797791
182	10	390.151245
184	10	465.108398
186	10	554.073364
188	10	638.059815
190	10	701.430908
192	10	743.399414
194	10	773.047363
196	10	800.330078
198	10	828.796875
200	10	856.667236
202	10	880.720704
204	10	899.94043
206	10	912.922851
208	10	916.659668
210	10	907.300293
212	10	882.345215
214	10	842.480957
216	10	791.652832
218	10	735.099609
220	10	677.012939
222	10	619.692383
224	10	564.372802
226	10	512.255127
228	10	464.54541
230	10	421.783203
232	10	383.505126
234	10	348.692383
236	10	316.648926
238	10	287.512817
240	10	261.851807
242	10	239.863037
244	10	221.267212
246	10	205.896668
248	10	193.738525
250	10	183.949524
252	10	174.011291
254	10	160.285645
256	10	139.378662
258	10	108.84961
260	10	66.99878
262	10	12.655274
264	10	-54.769532
266	10	-135.541016
268	10	-230.066895
270	10	-338.996094
272	10	-463.110352
274	10	-603.478027
276	10	-761.120117
278	10	-935.5542
280	10	-1123.910156
282	10	-1321.625977
284	10	-1521.844238
286	10	-1711.784668
288	10	-1869.907715
290	10	-1968.152343
292	10	-1979.783936
294	10	-1890.85376
296	10	-1711.674072
298	10	-1482.303955
300	10	-1255.088379
302	10	-1057.384887
304	10	-882.201783
306	10	-715.653809
308	10	-561.721314
310	10	-431.66333
312	10	-328.312256
314	10	-248.929199
316	10	-189.635804
318	10	-145.653381
320	10	-114.71582
322	10	-96.295288
324	10	-87.242432
326	10	-81.18219
328	10	-72.970886
330	10	-62.465881
332	10	-50.795959
334	10	-37.427398
336	10	-27.009095
338	10	-20.659332
340	10	-16.268204
342	10	-10.509262
0	11	-3.195229
2	11	6.513187
4	11	19.805763
6	11	34.051424
8	11	50.614454
10	11	64.461127
12	11	72.107235
14	11	81.22853
16	11	90.865414
18	11	98.424969
20	11	101.211409
22	11	98.848431
24	11	92.603371
26	11	83.477455
28	11	72.903572
30	11	62.171821
32	11	51.923569
34	11	42.66838
36	11	34.940964
38	11	28.937928
40	11	24.45105
42	11	21.239792
44	11	19.248276
46	11	18.358429
48	11	18.108932
50	11	17.718841
52	11	16.333374
54	11	13.416275
56	11	8.894302
58	11	3.008011
60	11	-3.727471
62	11	-10.519073
64	11	-16.466385
66	11	-20.859302
68	11	-23.41659
70	11	-24.224012
72	11	-23.623258
74	11	-22.071168
76	11	-19.979096
78	11	-17.611779
80	11	-15.089462
82	11	-12.466363
84	11	-9.66872
86	11	-6.382485
88	11	-2.548584
90	11	0.6875
92	11	2.149193
94	11	2.430435
96	11	3.348175
98	11	5.706238
100	11	8.409835
102	11	9.944885
104	11	8.981369
106	11	4.142899
108	11	-5.157715
110	11	-17.313721
112	11	-28.200561
114	11	-32.47293
116	11	-26.22345
118	11	-9.472107
120	11	13.578309
122	11	36.657593
124	11	54.365905
126	11	63.970672
128	11	66.123246
130	11	64.560074
132	11	63.922485
134	11	66.016906
136	11	67.536042
138	11	61.77137
140	11	43.502479
142	11	12.167321
144	11	-29.072773
146	11	-75.076704
148	11	-119.727028
150	11	-159.532929
152	11	-198.691193
154	11	-243.463043
156	11	-283.799408
158	11	-290.187866
160	11	-241.903748
162	11	-149.311585
164	11	-39.989319
166	11	64.613404
168	11	153.933159
170	11	220.956271
172	11	260.644577
174	11	275.724289
176	11	280.198639
178	11	292.268005
180	11	322.663331
182	11	373.251831
184	11	443.09436
186	11	524.906006
188	11	602.796875
190	11	661.460205
192	11	696.365723
194	11	714.247558
196	11	727.13208
198	11	743.057617
200	11	764.080811
202	11	787.087891
204	11	808.210449
206	11	823.075195
208	11	827.214843
210	11	816.728516
212	11	789.5708
214	11	746.873047
216	11	692.902099
218	11	633.242432
220	11	572.617187
222	11	513.965577
224	11	458.964355
226	11	408.864746
228	11	364.655762
230	11	326.659424
232	11	294.318848
234	11	266.584229
236	11	242.655029
238	11	222.45105
240	11	206.337281
242	11	194.4729
244	11	186.658874
246	11	182.739654
248	11	182.655777
250	11	185.682739
252	11	189.715576
254	11	191.582642
256	11	188.075439
258	11	176.57312
260	11	155.018311
262	11	121.815918
264	11	75.839111
266	11	16.165039
268	11	-58.322754
270	11	-149.041504
272	11	-257.642578
274	11	-386.035645
276	11	-535.887207
278	11	-707.235351
280	11	-897.672852
282	11	-1102.699707
284	11	-1314.782226
286	11	-1519.945312
288	11	-1695.386719
290	11	-1811.873535
292	11	-1841.55957
294	11	-1769.989258
296	11	-1607.905029
298	11	-1393.137939
300	11	-1171.877441
302	11	-972.501343
304	11	-797.076538
306	11	-636.796265
308	11	-492.453735
310	11	-370.958008
312	11	-274.939698
314	11	-202.760926
316	11	-150.256104
318	11	-112.563111
320	11	-87.850525
322	11	-75.709229
324	11	-72.774048
326	11	-72.608642
328	11	-69.678588
330	11	-62.384399
332	11	-51.134277
334	11	-37.438629
336	11	-27.397186
338	11	-21.569213
340	11	-17.276229
342	11	-11.207917
0	12	-2.456145
2	12	6.892829
4	12	19.769965
6	12	33.020917
8	12	46.58266
10	12	57.467519
12	12	63.360432
14	12	71.128095
16	12	79.477154
18	12	88.241715
20	12	94.496135
22	12	95.863368
24	12	92.134071
26	12	84.223869
28	12	73.420853
30	12	61.150681
32	12	48.666825
34	12	36.751617
36	12	26.146881
38	12	17.744507
40	12	11.865036
42	12	8.094833
44	12	5.878372
46	12	4.78923
48	12	4.29779
50	12	3.672638
52	12	2.120224
54	12	-0.820175
56	12	-5.042221
58	12	-10.136383
60	12	-15.653107
62	12	-21.046577
64	12	-25.709084
66	12	-29.107746
68	12	-30.942856
70	12	-31.172599
72	12	-30.04764
74	12	-28.002563
76	12	-25.455813
78	12	-22.677784
80	12	-19.79034
82	12	-16.82305
84	12	-13.725189
86	12	-10.338722
88	12	-6.677857
90	12	-3.530563
92	12	-1.686653
94	12	-0.665588
96	12	0.821533
98	12	3.211625
100	12	5.487763
102	12	6.17923
104	12	3.830124
106	12	-2.837647
108	12	-13.97998
110	12	-27.576767
112	12	-39.405182
114	12	-44.307099
116	12	-38.583893
118	12	-22.315094
120	12	0.444825
122	12	23.653565
124	12	42.052643
126	12	53.023133
128	12	57.148453
130	12	57.608429
132	12	58.173538
134	12	60.220474
136	12	61.007149
138	12	55.07492
140	12	38.121598
142	12	9.667221
144	12	-27.499264
146	12	-68.572484
148	12	-107.83493
150	12	-142.546325
152	12	-177.31842
154	12	-217.706695
156	12	-253.456757
158	12	-257.611237
160	12	-212.782623
162	12	-129.198212
164	12	-30.996734
166	12	63.350479
168	12	144.204737
170	12	204.80409
172	12	240.638504
174	12	254.432496
176	12	258.853455
178	12	270.653869
180	12	299.450806
182	12	345.645813
184	12	407.340332
186	12	478.670654
188	12	546.828369
190	12	598.246094
192	12	626.97583
194	12	638.251953
196	12	643.591309
198	12	652.919922
200	12	670.109863
202	12	692.346923
204	12	714.346191
206	12	730.200439
208	12	734.548096
210	12	723.402588
212	12	695.192383
214	12	651.577393
216	12	597.031494
218	12	537.107666
220	12	476.616699
222	12	418.833008
224	12	365.778564
226	12	318.792969
228	12	278.711914
230	12	245.661622
232	12	219.000488
234	12	197.708252
236	12	180.989746
238	12	168.644287
240	12	160.871215
242	12	157.784302
244	12	159.250061
246	12	165.137268
248	12	175.354774
250	12	189.247924
252	12	204.978089
254	12	219.693238
256	12	230.332397
258	12	234.215332
260	12	229.122558
262	12	213.214355
264	12	184.976075
266	12	142.979981
268	12	85.591308
270	12	10.903321
272	12	-83.167969
274	12	-198.833007
276	12	-337.943848
278	12	-500.84668
280	12	-685.700195
282	12	-888.577636
284	12	-1102.339843
286	12	-1313.350586
288	12	-1499.025391
290	12	-1629.980468
292	12	-1677.898193
294	12	-1627.084716
296	12	-1484.495361
298	12	-1282.292724
300	12	-1066.524292
302	12	-872.123414
304	12	-704.551635
306	12	-554.834594
308	12	-421.533691
310	12	-310.055298
312	12	-223.249511
314	12	-159.482605
316	12	-114.241699
318	12	-83.214844
320	12	-65.054931
322	12	-59.035157
324	12	-61.385986
326	12	-65.707946
328	12	-66.290161
330	12	-60.79895
332	12	-49.740235
334	12	-36.216553
336	12	-26.840088
338	12	-21.557281
340	12	-17.432678
342	12	-11.309189
0	13	-1.979845
2	13	5.411009
4	13	15.797364
6	13	27.07696
8	13	39.283632
10	13	48.566618
12	13	53.570675
14	13	60.159683
16	13	68.038195
18	13	76.170197
20	13	83.400023
22	13	87.355726
24	13	86.994318
26	13	81.469326
28	13	71.391556
30	13	58.529907
32	13	45.026367
34	13	32.106842
36	13	20.069046
38	13	9.388611
40	13	0.900666
42	13	-5.043244
44	13	-8.749847
46	13	-10.787674
48	13	-11.884246
50	13	-12.936188
52	13	-14.903579
54	13	-18.223373
56	13	-22.5
58	13	-27.122894
60	13	-31.607987
62	13	-35.560143
64	13	-38.586387
66	13	-40.313805
68	13	-40.545372
70	13	-39.318703
72	13	-36.96627
74	13	-33.993156
76	13	-30.812233
78	13	-27.616112
80	13	-24.437969
82	13	-21.225429
84	13	-17.900409
86	13	-14.382789
88	13	-10.759132
90	13	-7.534309
92	13	-5.182579
94	13	-3.396423
96	13	-1.407746
98	13	0.883438
100	13	2.585343
102	13	2.403962
104	13	-1.062698
106	13	-8.885254
108	13	-20.83612
110	13	-34.666092
112	13	-46.318619
114	13	-51.102844
116	13	-45.75824
118	13	-30.420013
120	13	-8.829468
122	13	13.449859
124	13	31.550385
126	13	43.042251
128	13	48.406616
130	13	50.283584
132	13	51.665222
134	13	53.574806
136	13	53.802246
138	13	48.026695
140	13	32.797062
142	13	7.707134
144	13	-24.876485
146	13	-60.690063
148	13	-94.778846
150	13	-125.334686
152	13	-156.889709
154	13	-193.47815
156	13	-224.567749
158	13	-226.459564
160	13	-185.308838
162	13	-110.781433
164	13	-23.454255
166	13	60.810502
168	13	133.123024
170	13	187.027256
172	13	218.691978
174	13	230.903321
176	13	234.980316
178	13	245.94043
180	13	272.399231
182	13	313.685669
184	13	366.865845
186	13	427.147705
188	13	484.663452
190	13	528.103027
192	13	551.871583
194	13	559.782471
196	13	561.854736
198	13	567.734863
200	13	581.832764
202	13	602.223145
204	13	623.67749
206	13	639.770508
208	13	644.471435
210	13	633.560059
212	13	605.82251
214	13	563.364747
216	13	510.704346
218	13	453.127197
220	13	395.246094
222	13	340.351074
224	13	290.531738
226	13	247.094726
228	13	210.77002
230	13	181.654785
232	13	159.241211
234	13	142.716065
236	13	131.408569
238	13	125.07727
240	13	123.801513
242	13	127.628418
244	13	136.414002
246	13	149.99173
248	13	168.194466
250	13	190.348481
252	13	214.747802
254	13	238.785278
256	13	259.623291
258	13	274.710938
260	13	281.836914
262	13	279.027099
264	13	264.493164
266	13	236.463379
268	13	192.970947
270	13	131.844238
272	13	50.856933
274	13	-52.175293
276	13	-179.004395
278	13	-330.072754
280	13	-503.977051
282	13	-697.483398
284	13	-904.432129
286	13	-1112.70459
288	13	-1301.620118
290	13	-1443.021485
292	13	-1507.284424
294	13	-1473.889404
296	13	-1344.837647
298	13	-1153.157471
300	13	-949.481079
302	13	-768.008789
304	13	-612.523682
306	13	-474.992309
308	13	-353.826416
310	13	-253.580078
312	13	-176.856079
314	13	-121.788025
316	13	-83.999756
318	13	-59.81073
320	13	-47.997742
322	13	-47.218262
324	13	-53.421325
326	13	-60.498902
328	13	-62.943421
330	13	-58.250183
332	13	-47.338531
334	13	-34.321258
336	13	-25.705932
338	13	-20.921784
340	13	-16.995651
342	13	-10.997757
0	14	-1.966401
2	14	2.924436
4	14	10.158229
6	14	18.972477
8	14	29.963698
10	14	38.265017
12	14	42.116385
14	14	48.180113
16	14	55.757862
18	14	64.809599
20	14	72.755967
22	14	77.319254
24	14	77.717678
26	14	73.829323
28	14	65.766929
30	14	54.98146
32	14	42.997056
34	14	30.450424
36	14	17.916306
38	14	5.948197
40	14	-4.683822
42	14	-13.280747
44	14	-19.460007
46	14	-23.24974
48	14	-25.351898
50	14	-26.767059
52	14	-28.655502
54	14	-31.857635
56	14	-36.322387
58	14	-41.139526
60	14	-45.417954
62	14	-48.643585
64	14	-50.479339
66	14	-50.698319
68	14	-49.274284
70	14	-46.413048
72	14	-42.611221
74	14	-38.495773
76	14	-34.513932
78	14	-30.822181
80	14	-27.389999
82	14	-24.087654
84	14	-20.770844
86	14	-17.310791
88	14	-13.741768
90	14	-10.419403
92	14	-7.752418
94	14	-5.591187
96	14	-3.487961
98	14	-1.560379
100	14	-0.584885
102	14	-1.634567
104	14	-5.927917
106	14	-14.279953
108	14	-26.179474
110	14	-39.326935
112	14	-50.019226
114	14	-54.209534
116	14	-49.173447
118	14	-35.10611
120	14	-15.306427
122	14	5.309677
124	14	22.396393
126	14	33.760987
128	14	39.756927
130	14	42.517167
132	14	44.389335
134	14	46.158478
136	14	46.106826
138	14	40.869957
140	14	27.698109
142	14	6.209248
144	14	-21.673118
146	14	-52.35947
148	14	-81.846351
150	14	-109.192642
152	14	-138.307953
154	14	-171.168365
156	14	-197.269837
158	14	-196.893311
160	14	-159.690674
162	14	-94.145691
164	14	-17.198608
166	14	57.502105
168	14	121.645664
170	14	169.17611
172	14	196.888973
174	14	207.539658
176	14	211.053039
178	14	220.506805
180	14	243.925293
182	14	280.665039
184	14	326.664795
186	14	377.363892
188	14	425.340454
190	14	461.421387
192	14	480.951416
194	14	487.087159
196	14	488.213135
198	14	492.626709
200	14	504.424073
202	14	522.402832
204	14	541.841797
206	14	556.556397
208	14	560.699462
210	14	550.284424
212	14	524.266601
214	14	484.691651
216	14	435.776855
218	14	382.421875
220	14	328.886963
222	14	278.194825
224	14	232.256348
226	14	192.273437
228	14	158.982422
230	14	132.655273
232	14	113.07959
234	14	99.735352
236	14	92.120483
238	14	89.994873
240	14	93.329468
242	14	102.04889
244	14	115.910614
246	14	134.651627
248	14	158.00456
250	14	185.269684
252	14	214.89148
254	14	244.577758
256	14	271.809692
258	14	294.234619
260	14	309.684082
262	14	316.107666
264	14	311.574707
266	14	294.153809
268	14	261.734619
270	14	212.034912
272	14	142.811035
274	14	52.011231
276	14	-61.918946
278	14	-199.402832
280	14	-359.340332
282	14	-539.123535
284	14	-733.741211
286	14	-933.032227
288	14	-1118.535156
290	14	-1262.782714
292	14	-1334.11206
294	14	-1309.714111
296	14	-1193.043213
298	14	-1019.528198
300	14	-835.818726
302	14	-670.383178
304	14	-528.144531
306	14	-403.486084
308	14	-294.909179
310	14	-206.187744
312	14	-139.383362
314	14	-92.389588
316	14	-61.322449
318	14	-43.24646
320	14	-36.74176
322	14	-39.767639
324	14	-48.232483
326	14	-56.545532
328	14	-59.629882
330	14	-55.147522
332	14	-44.454712
334	14	-32.139038
336	14	-24.263397
338	14	-19.904892
340	14	-16.186691
342	14	-10.433976
0	15	-2.016766
2	15	0.012614
4	15	4.473077
6	15	11.316449
8	15	20.24339
10	15	27.327099
12	15	30.789099
14	15	36.182294
16	15	43.826809
18	15	53.289193
20	15	62.073023
22	15	67.862509
24	15	69.050243
26	15	65.527343
28	15	58.45694
30	15	49.498947
32	15	39.785507
34	15	29.15654
36	15	17.149369
38	15	4.815796
40	15	-6.57489
42	15	-16.381135
44	15	-24.785309
46	15	-30.878082
48	15	-34.527619
50	15	-36.56604
52	15	-38.274017
54	15	-41.152328
56	15	-45.470855
58	15	-50.229782
60	15	-54.283142
62	15	-57.093354
64	15	-58.364899
66	15	-57.816285
68	15	-55.43956
70	15	-51.519707
72	15	-46.618393
74	15	-41.416267
76	15	-36.43885
78	15	-31.934944
80	15	-27.935455
82	15	-24.325211
84	15	-20.918953
86	15	-17.4832
88	15	-13.901375
90	15	-10.547409
92	15	-8.016831
94	15	-6.149414
96	15	-4.4767
98	15	-3.249329
100	15	-3.265289
102	15	-5.369583
104	15	-10.393219
106	15	-18.810196
108	15	-30.006607
110	15	-41.873398
112	15	-51.181427
114	15	-54.56659
116	15	-49.867615
118	15	-37.31932
120	15	-19.724655
122	15	-1.270844
124	15	14.295303
126	15	25.052185
128	15	31.230072
130	15	34.487457
132	15	36.627648
134	15	38.291489
136	15	38.217835
138	15	33.82154
140	15	22.87825
142	15	4.98078
144	15	-18.371379
146	15	-44.288189
148	15	-69.750512
150	15	-94.559585
152	15	-121.704438
154	15	-150.825165
156	15	-171.690673
158	15	-168.928345
160	15	-135.828583
162	15	-79.198761
164	15	-12.127869
166	15	53.708588
168	15	110.373112
170	15	152.263515
172	15	176.637134
174	15	186.015045
176	15	188.976684
178	15	196.549683
180	15	216.139588
182	15	248.216065
184	15	288.260254
186	15	331.134765
188	15	371.251099
190	15	401.424438
192	15	417.645996
194	15	422.641846
196	15	423.597657
198	15	427.644287
200	15	438.297363
202	15	454.533691
204	15	471.830323
206	15	484.34668
208	15	486.964844
210	15	476.53711
212	15	452.426758
214	15	416.482422
216	15	372.358398
218	15	324.285157
220	15	275.929199
222	15	229.920898
224	15	187.986084
226	15	151.278076
228	15	120.595947
230	15	96.404297
232	15	78.787476
234	15	67.521728
236	15	62.281373
238	15	62.826416
240	15	68.99585
242	15	80.559692
244	15	97.172302
246	15	118.507614
248	15	144.245037
250	15	173.717743
252	15	205.581543
254	15	237.88208
256	15	268.392944
258	15	294.929077
260	15	315.39148
262	15	327.749268
264	15	330.0625
266	15	320.384522
268	15	296.604004
270	15	256.445312
272	15	197.725586
274	15	118.541992
276	15	17.477539
278	15	-105.995605
280	15	-251.19336
282	15	-416.088379
284	15	-596.373535
286	15	-782.846191
288	15	-958.248535
290	15	-1096.475831
292	15	-1167.687988
294	15	-1151.412109
296	15	-1051.61377
298	15	-899.049073
300	15	-733.668091
302	15	-583.011963
304	15	-454.760621
306	15	-343.906372
308	15	-248.108155
310	15	-170.570862
312	15	-112.768066
314	15	-72.44751
316	15	-46.640075
318	15	-33.232971
320	15	-30.442383
322	15	-35.706116
324	15	-45.070801
326	15	-53.494202
328	15	-56.415283
330	15	-51.840271
332	15	-41.456116
334	15	-29.914063
336	15	-22.700867
338	15	-18.692626
340	15	-15.179733
342	15	-9.738312
0	16	-2.624203
2	16	-3.364843
4	16	-0.329201
6	16	5.730278
8	16	13.075598
10	16	18.444725
12	16	21.224259
14	16	26.161723
16	16	33.568236
18	16	42.824393
20	16	52.293257
22	16	59.270878
24	16	61.93111
26	16	59.707054
28	16	53.839806
30	16	45.833633
32	16	36.392624
34	16	25.697311
36	16	13.694122
38	16	1.506073
40	16	-9.238708
42	16	-17.87381
44	16	-25.698913
46	16	-33.069031
48	16	-38.901092
50	16	-42.917664
52	16	-45.977356
54	16	-48.815948
56	16	-51.993011
58	16	-55.790634
60	16	-59.603989
62	16	-62.28714
64	16	-63.062302
66	16	-61.737656
68	16	-58.567642
70	16	-53.92064
72	16	-48.319534
74	16	-42.324219
76	16	-36.397721
78	16	-30.882843
80	16	-25.965835
82	16	-21.608284
84	16	-17.609459
86	16	-13.719559
88	16	-9.83075
90	16	-6.362243
92	16	-4.241867
94	16	-3.570633
96	16	-3.569107
98	16	-4.02182
100	16	-5.536225
102	16	-8.830277
104	16	-14.507095
106	16	-22.768448
108	16	-32.952255
110	16	-43.281845
112	16	-51.058823
114	16	-53.517776
116	16	-49.045227
118	16	-37.983872
120	16	-22.681442
122	16	-6.580994
124	16	7.244415
126	16	17.229813
128	16	23.481522
130	16	27.147598
132	16	29.504578
134	16	31.101196
136	16	31.127022
138	16	27.689743
140	16	19.019081
142	16	4.664796
144	16	-14.341527
146	16	-35.942219
148	16	-58.013962
150	16	-80.488983
152	16	-105.502136
154	16	-130.891632
156	16	-147.418274
158	16	-143.189087
160	16	-113.735565
162	16	-65.384522
164	16	-7.954834
166	16	49.329391
168	16	99.427124
170	16	136.80561
172	16	158.604451
174	16	167.115356
176	16	169.844894
178	16	175.848297
180	16	191.290832
182	16	217.962036
184	16	252.374085
186	16	288.784057
188	16	322.421387
190	16	348.070435
192	16	362.208496
194	16	366.905762
196	16	368.23462
198	16	372.407715
200	16	382.458496
202	16	397.427246
204	16	413.054443
206	16	423.915039
208	16	425.499756
210	16	415.310546
212	16	393.113037
214	16	360.702393
216	16	321.246094
218	16	278.283936
220	16	234.86084
222	16	193.226563
224	16	154.979736
226	16	121.278564
228	16	92.964844
230	16	70.594239
232	16	54.437133
234	16	44.498169
236	16	40.597412
238	16	42.482666
240	16	49.881408
242	16	62.477539
244	16	79.921417
246	16	101.897209
248	16	128.043155
250	16	157.700745
252	16	189.700012
254	16	222.3667
256	16	253.722168
258	16	281.766723
260	16	304.545655
262	16	320.133423
264	16	326.657959
266	16	322.238525
268	16	304.849365
270	16	272.312744
272	16	222.577881
274	16	153.910645
276	16	64.963379
278	16	-45.036622
280	16	-175.947754
282	16	-326.283692
284	16	-492.063965
286	16	-664.353028
288	16	-826.633789
290	16	-954.70874
292	16	-1021.828369
294	16	-1010.014161
296	16	-922.557617
298	16	-786.298706
300	16	-637.926758
302	16	-504.048462
304	16	-391.978271
306	16	-296.114502
308	16	-213.495605
310	16	-146.651367
312	16	-96.509766
314	16	-61.218444
316	16	-39.069458
318	16	-28.64563
320	16	-27.901368
322	16	-34.046448
324	16	-43.309449
326	16	-51.090821
328	16	-53.363587
330	16	-48.55481
332	16	-38.544677
334	16	-27.773864
336	16	-21.134552
338	16	-17.417435
340	16	-14.097534
342	16	-8.996948
0	17	-3.270844
2	17	-5.884827
4	17	-4.089591
6	17	0.357453
8	17	5.637284
10	17	9.645516
12	17	11.87274
14	17	17.217546
16	17	24.85433
18	17	34.71455
20	17	44.422173
22	17	52.014214
24	17	55.973427
26	17	55.969452
28	17	51.736214
30	17	44.20192
32	17	34.487228
34	17	22.063247
36	17	9.624955
38	17	-1.182923
40	17	-10.896668
42	17	-19.462311
44	17	-25.976837
46	17	-31.73346
48	17	-37.729279
50	17	-43.882935
52	17	-49.395813
54	17	-54.239045
56	17	-58.578705
58	17	-62.363098
60	17	-64.947418
62	17	-66.545441
64	17	-66.664383
66	17	-64.797714
68	17	-61.13855
70	17	-56.101288
72	17	-50.095245
74	17	-43.519302
76	17	-36.717804
78	17	-29.984451
80	17	-23.603866
82	17	-17.792847
84	17	-12.593643
86	17	-7.893722
88	17	-3.793487
90	17	-0.783097
92	17	0.279419
94	17	-0.35878
96	17	-2.106934
98	17	-4.619019
100	17	-8.077362
102	17	-13.017318
104	17	-19.681046
106	17	-28.065033
108	17	-37.37323
110	17	-45.945694
112	17	-51.86583
114	17	-53.2762
116	17	-49.02182
118	17	-39.316849
120	17	-25.951095
122	17	-11.684723
124	17	0.964875
126	17	10.666138
128	17	17.361053
130	17	21.740937
132	17	24.625061
134	17	26.476493
136	17	26.947937
138	17	24.77832
140	17	18.607727
142	17	7.805088
144	17	-7.326745
146	17	-25.719277
148	17	-45.874428
150	17	-67.165115
152	17	-90.004638
154	17	-111.925231
156	17	-124.478028
158	17	-119.551819
160	17	-94.275756
162	17	-53.294831
164	17	-4.938721
166	17	44.31694
168	17	88.256897
170	17	121.779354
172	17	142.016689
174	17	150.468888
176	17	153.659362
178	17	159.0607
180	17	170.958649
182	17	191.36322
184	17	219.340271
186	17	250.131592
188	17	278.944824
190	17	301.645752
192	17	315.140503
194	17	320.423828
196	17	322.376709
198	17	326.232666
200	17	334.704346
202	17	347.353027
204	17	360.9292
206	17	370.854248
208	17	372.98877
210	17	364.781739
212	17	345.70459
214	17	317.192383
216	17	282.051514
218	17	243.449951
220	17	204.091796
222	17	166.032959
224	17	130.846924
226	17	99.72583
228	17	73.516358
230	17	52.780884
232	17	37.85083
234	17	28.822143
236	17	25.557862
238	17	27.798889
240	17	35.260315
242	17	47.65564
244	17	64.691467
246	17	86.05597
248	17	111.306371
250	17	139.759415
252	17	170.388214
254	17	201.763001
256	17	232.1427
258	17	259.747315
260	17	282.8031
262	17	299.532837
264	17	308.183228
266	17	306.981201
268	17	294.030762
270	17	267.345948
272	17	225.151855
274	17	165.973145
276	17	88.504394
278	17	-8.365723
280	17	-125.075684
282	17	-260.561279
284	17	-410.868409
286	17	-566.972657
288	17	-712.952392
290	17	-826.74878
292	17	-885.355712
294	17	-874.580078
296	17	-798.478515
298	17	-679.845215
300	17	-550.264892
302	17	-434.265747
304	17	-338.903686
306	17	-258.284668
308	17	-188.624512
310	17	-131.527039
312	17	-87.716552
314	17	-56.18042
316	17	-36.434632
318	17	-27.632629
320	17	-27.679322
322	17	-33.771546
324	17	-42.309693
326	17	-49.046753
328	17	-50.463623
330	17	-45.406189
332	17	-35.822815
334	17	-25.789368
336	17	-19.644455
338	17	-16.172943
340	17	-13.028885
342	17	-8.277817
0	18	-3.508772
2	18	-7.760023
4	18	-8.067754
6	18	-5.457428
8	18	-1.525181
10	18	1.104275
12	18	2.011153
14	18	6.438276
16	18	13.743343
18	18	24.263809
20	18	35.73325
22	18	45.412239
24	18	51.331512
26	18	53.004929
28	18	50.255707
30	18	42.542038
32	18	31.810593
34	18	19.286377
36	18	6.431122
38	18	-4.443604
40	18	-12.93695
42	18	-20.269715
44	18	-26.463562
46	18	-31.515838
48	18	-36.250702
50	18	-41.594696
52	18	-47.816742
54	18	-54.465789
56	18	-60.352234
58	18	-65.39508
60	18	-69.061096
62	18	-71.05246
64	18	-71.600189
66	18	-70.13353
68	18	-66.536194
70	18	-61.279084
72	18	-54.772507
74	18	-47.562668
76	18	-39.905472
78	18	-32.120087
80	18	-24.557435
82	18	-17.575424
84	18	-11.446411
86	18	-6.284561
88	18	-2.417221
90	18	-0.284088
92	18	-0.207153
94	18	-2.256988
96	18	-5.776596
98	18	-10.195755
100	18	-15.212876
102	18	-21.165512
104	18	-28.173599
106	18	-35.808792
108	18	-43.276367
110	18	-49.489869
112	18	-53.125107
114	18	-53.015365
116	18	-48.642135
118	18	-40.40828
120	18	-29.407898
122	18	-17.425858
124	18	-6.083176
126	18	3.551849
128	18	11.199112
130	18	16.936203
132	18	21.107826
134	18	24.100815
136	18	26.015968
138	18	25.966915
140	18	22.555658
142	18	14.604349
144	18	1.641663
146	18	-15.630799
148	18	-35.615372
150	18	-56.880219
152	18	-78.299667
154	18	-97.057007
156	18	-106.479431
158	18	-99.989197
160	18	-77.393432
162	18	-43.539917
164	18	-3.399628
166	18	37.721985
168	18	75.439018
170	18	105.752604
172	18	125.747328
174	18	135.639355
176	18	139.967987
178	18	145.431198
180	18	155.311066
182	18	170.183899
184	18	190.815186
186	18	215.042786
188	18	238.895874
190	18	258.844238
192	18	272.22168
194	18	278.873779
196	18	281.940186
198	18	285.594971
200	18	292.409668
202	18	302.584961
204	18	314.040039
206	18	323.299073
208	18	326.693603
210	18	321.438476
212	18	306.443604
214	18	282.551025
216	18	252.006836
218	18	217.557862
220	18	181.73413
222	18	146.641479
224	18	113.98877
226	18	85.045044
228	18	60.653442
230	18	41.356445
232	18	27.481811
234	18	19.092896
236	18	16.010376
238	18	18.013428
240	18	24.905396
242	18	36.449433
244	18	52.353027
246	18	72.24958
248	18	95.625219
250	18	121.822326
252	18	149.970916
254	18	178.847961
256	18	206.936524
258	18	232.687256
260	18	254.472046
262	18	270.639648
264	18	279.641846
266	18	279.94397
268	18	269.893066
270	18	247.812256
272	18	212.260498
274	18	161.92627
276	18	95.380859
278	18	11.205566
280	18	-91.250733
282	18	-210.883544
284	18	-343.686279
286	18	-481.130371
288	18	-608.856446
290	18	-707.665771
292	18	-758.404541
294	18	-749.92749
296	18	-685.498535
298	18	-583.662964
300	18	-472.11145
302	18	-373.904175
304	18	-295.236389
306	18	-229.147888
308	18	-171.037903
310	18	-122.179383
312	18	-83.568665
314	18	-55.033691
316	18	-36.846924
318	18	-28.652771
320	18	-28.620849
322	18	-34.070678
324	18	-41.539123
326	18	-47.096313
328	18	-47.674011
330	18	-42.46997
332	18	-33.383178
334	18	-24.039124
336	18	-18.317169
338	18	-15.04773
340	18	-12.054215
342	18	-7.645103
0	19	-4.185229
2	19	-9.760558
4	19	-12.347714
6	19	-10.837993
8	19	-7.212894
10	19	-4.957565
12	19	-5.005686
14	19	-1.954605
16	19	3.881436
18	19	13.421463
20	19	25.053249
22	19	35.473641
24	19	42.456444
26	19	45.0933
28	19	43.307175
30	19	37.197845
32	19	27.565979
34	19	14.842804
36	19	2.19867
38	19	-9.146179
40	19	-18.708832
42	19	-26.986634
44	19	-33.746978
46	19	-38.124145
48	19	-41.441285
50	19	-45.048676
52	19	-50.255951
54	19	-56.389435
56	19	-61.91565
58	19	-66.370026
60	19	-69.778137
62	19	-71.587067
64	19	-71.782562
66	19	-70.436371
68	19	-67.237732
70	19	-62.193588
72	19	-55.894348
74	19	-48.771118
76	19	-41.223556
78	19	-33.841034
80	19	-26.735595
82	19	-19.99144
84	19	-13.764939
86	19	-8.218613
88	19	-3.991318
90	19	-1.773529
92	19	-1.948822
94	19	-4.862198
96	19	-10.373001
98	19	-17.373764
100	19	-24.703324
102	19	-31.916123
104	19	-39.149536
106	19	-46.128555
108	19	-52.229171
110	19	-56.506882
112	19	-58.056839
114	19	-56.329697
116	19	-51.355957
118	19	-43.607727
120	19	-33.952622
122	19	-23.352219
124	19	-12.723007
126	19	-2.575241
128	19	6.432708
130	19	13.597702
132	19	18.927292
134	19	22.981621
136	19	26.072212
138	19	27.629855
140	19	26.02976
142	19	19.745107
144	19	8.088173
146	19	-9.01294
148	19	-30.212982
150	19	-52.537415
152	19	-72.776764
154	19	-87.597671
156	19	-92.305664
158	19	-84.227691
160	19	-63.945526
162	19	-35.505555
164	19	-2.681031
166	19	30.674378
168	19	62.751449
170	19	90.861619
172	19	111.580349
174	19	122.991276
176	19	128.144203
178	19	133.257309
180	19	141.98111
182	19	154.043732
184	19	168.900086
186	19	186.298401
188	19	204.396118
190	19	220.723388
192	19	233.265748
194	19	241.159302
196	19	245.541504
198	19	249.222412
200	19	254.569336
202	19	262.368408
204	19	271.748047
206	19	280.492187
208	19	285.496704
210	19	283.72583
212	19	273.44165
214	19	254.760132
216	19	229.292847
218	19	199.366455
220	19	167.331665
222	19	135.252808
224	19	104.875366
226	19	77.617188
228	19	54.541138
230	19	36.296142
232	19	23.055787
234	19	14.732239
236	19	11.269348
238	19	12.532044
240	19	18.256103
242	19	28.17221
244	19	42.032959
246	19	59.547691
248	19	80.316748
250	19	103.62262
252	19	128.611328
254	19	154.247558
256	19	179.281128
258	19	202.386596
260	19	222.124878
262	19	237.049804
264	19	245.703125
266	19	246.682495
268	19	238.884765
270	19	220.885987
272	19	191.230469
274	19	148.395996
276	19	90.658692
278	19	16.459961
280	19	-74.638427
282	19	-180.802734
284	19	-296.967774
286	19	-414.132324
288	19	-519.545166
290	19	-598.469727
292	19	-637.406006
294	19	-628.557129
296	19	-574.566651
298	19	-490.680786
300	19	-400.262573
302	19	-321.902221
304	19	-259.658203
306	19	-206.760315
308	19	-158.557862
310	19	-116.371155
312	19	-82.007935
314	19	-56.07257
316	19	-39.032349
318	19	-30.89505
320	19	-30.365113
322	19	-34.903015
324	19	-41.124024
326	19	-45.462006
328	19	-45.303803
330	19	-40.084869
332	19	-31.5224
334	19	-22.772125
336	19	-17.336975
338	19	-14.163986
340	19	-11.267182
342	19	-7.19062
0	20	-6.049445
2	20	-12.27456
4	20	-15.924423
6	20	-14.472526
8	20	-10.843073
10	20	-8.273302
12	20	-8.695522
14	20	-6.802322
16	20	-1.964218
18	20	6.515183
20	20	17.02771
22	20	26.960502
24	20	33.853066
26	20	35.983795
28	20	33.543045
30	20	26.951675
32	20	17.499008
34	20	6.209533
36	20	-5.240082
38	20	-15.756805
40	20	-24.779785
42	20	-32.57904
44	20	-39.438263
46	20	-45.582184
48	20	-51.007965
50	20	-55.65799
52	20	-60.556549
54	20	-65.651092
56	20	-70.275513
58	20	-74.164123
60	20	-77.167786
62	20	-78.797882
64	20	-79.438492
66	20	-78.971023
68	20	-76.860672
70	20	-72.702378
72	20	-66.516403
74	20	-58.956039
76	20	-50.770599
78	20	-42.372131
80	20	-34.418946
82	20	-27.339508
84	20	-21.035416
86	20	-15.583511
88	20	-11.50972
90	20	-9.522568
92	20	-9.586472
94	20	-11.294388
96	20	-15.277985
98	20	-21.75084
100	20	-30.277909
102	20	-39.897232
104	20	-49.46904
106	20	-57.797211
108	20	-64.018265
110	20	-67.622254
112	20	-68.272614
114	20	-65.898361
116	20	-60.511063
118	20	-52.498581
120	20	-42.588776
122	20	-31.669068
124	20	-20.516174
126	20	-9.728988
128	20	0.187241
130	20	8.640686
132	20	15.145165
134	20	19.827339
136	20	23.087384
138	20	24.782795
140	20	23.390641
142	20	16.95952
144	20	4.648784
146	20	-13.450676
148	20	-35.099228
150	20	-55.478256
152	20	-70.49379
154	20	-77.719193
156	20	-76.494721
158	20	-66.217163
160	20	-47.664825
162	20	-22.397461
164	20	4.639572
166	20	31.285019
168	20	56.588028
170	20	80.197151
172	20	99.181622
174	20	111.108217
176	20	116.956574
178	20	121.0027
180	20	127.869476
182	20	137.898835
184	20	148.905884
186	20	161.121094
188	20	174.787842
190	20	187.764893
192	20	197.890136
194	20	204.574829
196	20	208.511353
198	20	211.469238
200	20	215.401123
202	20	221.561157
204	20	229.881104
206	20	238.774414
208	20	245.513549
210	20	247.185303
212	20	241.796997
214	20	228.891479
216	20	209.431396
218	20	185.162597
220	20	157.990357
222	20	129.719482
224	20	102.049804
226	20	76.542968
228	20	54.428589
230	20	36.416626
232	20	22.856628
234	20	14.036438
236	20	9.968384
238	20	10.483154
240	20	15.047485
242	20	23.351929
244	20	35.148361
246	20	50.112923
248	20	67.769499
250	20	87.76767
252	20	109.198669
254	20	131.236572
256	20	152.979614
258	20	173.318237
260	20	191.065491
262	20	205.031617
264	20	214.072143
266	20	217.217895
268	20	213.034545
270	20	200.087281
272	20	176.496582
274	20	140.26416
276	20	89.503662
278	20	22.804444
280	20	-59.800293
282	20	-155.694824
284	20	-258.90625
286	20	-360.048828
288	20	-447.381348
290	20	-508.946289
292	20	-535.234863
294	20	-522.383789
296	20	-475.087036
298	20	-406.990112
300	20	-336.642456
302	20	-276.616394
304	20	-228.344422
306	20	-186.428467
308	20	-146.870422
310	20	-110.830932
312	20	-80.438355
314	20	-56.946197
316	20	-41.10144
318	20	-33.274719
320	20	-32.510833
322	20	-36.338806
324	20	-41.437256
326	20	-44.671478
328	20	-43.864624
330	20	-38.64972
332	20	-30.51883
334	20	-22.192581
336	20	-16.874344
338	20	-13.659958
340	20	-10.774849
342	20	-7.011086
0	21	-8.233455
2	21	-14.417622
4	21	-18.259811
6	21	-16.750492
8	21	-13.021948
10	21	-10.463568
12	21	-11.36599
14	21	-10.18248
16	21	-5.741413
18	21	2.322044
20	21	12.409095
22	21	21.921089
24	21	27.963074
26	21	28.973023
28	21	25.613327
30	21	18.924347
32	21	9.447022
34	21	-1.429016
36	21	-12.332123
38	21	-22.219422
40	21	-30.510071
42	21	-37.419007
44	21	-44.030853
46	21	-50.718353
48	21	-57.177215
50	21	-63.388581
52	21	-69.876342
54	21	-76.402497
56	21	-81.827393
58	21	-85.382843
60	21	-87.184174
62	21	-87.398652
64	21	-86.488037
66	21	-84.990937
68	21	-82.326309
70	21	-78.284668
72	21	-72.88536
74	21	-66.357406
76	21	-59.104645
78	21	-51.77945
80	21	-44.595596
82	21	-37.969849
84	21	-32.055801
86	21	-26.976394
88	21	-22.908966
90	21	-20.309723
92	21	-19.784622
94	21	-21.546768
96	21	-25.490982
98	21	-31.159347
100	21	-38.03241
102	21	-45.413909
104	21	-52.33107
106	21	-58.005203
108	21	-61.84877
110	21	-63.64621
112	21	-63.431641
114	21	-61.239517
116	21	-56.894516
118	21	-50.606766
120	21	-42.627869
122	21	-33.327957
124	21	-23.460068
126	21	-13.695007
128	21	-4.593277
130	21	3.163178
132	21	8.935913
134	21	12.752312
136	21	15.047089
138	21	15.17096
140	21	12.166446
142	21	5.0308
144	21	-6.610745
146	21	-22.287132
148	21	-39.074379
150	21	-52.963608
152	21	-60.992035
154	21	-62.590896
156	21	-58.664398
158	21	-48.886795
160	21	-33.062882
162	21	-13.447662
164	21	7.412903
166	21	27.558685
168	21	46.295959
170	21	63.749127
172	21	79.273319
174	21	91.365783
176	21	99.454925
178	21	105.221466
180	21	111.707611
182	21	120.670563
184	21	130.388092
186	21	139.967224
188	21	150.631714
190	21	161.2453
192	21	168.988892
194	21	173.515381
196	21	176.250611
198	21	178.653442
200	21	181.890258
202	21	186.697266
204	21	192.983764
206	21	199.602173
208	21	204.690185
210	21	206.352051
212	21	203.333618
214	21	195.23706
216	21	182.280639
218	21	165.043213
220	21	144.424805
222	21	121.702758
224	21	98.392944
226	21	75.97351
228	21	55.678345
230	21	38.444763
232	21	24.987061
234	21	15.71875
236	21	10.818176
238	21	10.048828
240	21	13.233368
242	21	19.987305
244	21	29.914032
246	21	42.514801
248	21	57.307179
250	21	73.794663
252	21	91.753235
254	21	110.331817
256	21	128.838013
258	21	146.411194
260	21	162.233155
262	21	175.483643
264	21	185.387207
266	21	190.959717
268	21	190.855713
270	21	183.257691
272	21	166.111084
274	21	137.343995
276	21	95.085205
278	21	38.242188
280	21	-32.524658
282	21	-114.13208
284	21	-201.007813
286	21	-285.374756
288	21	-357.875733
290	21	-408.903076
292	21	-430.861694
294	21	-421.093018
296	21	-384.55542
298	21	-333.002807
300	21	-280.037781
302	21	-233.930481
304	21	-196.366455
306	21	-163.575989
308	21	-131.565796
310	21	-101.756623
312	21	-75.80127
314	21	-55.516388
316	21	-41.654602
318	21	-34.653687
320	21	-33.964783
322	21	-37.438782
324	21	-41.927704
326	21	-44.594086
328	21	-43.547546
330	21	-38.468842
332	21	-30.655091
334	21	-22.517852
336	21	-17.116821
338	21	-13.761917
340	21	-10.857521
342	21	-7.252109
0	22	-10.126477
2	22	-16.341984
4	22	-20.538937
6	22	-19.371723
8	22	-15.815081
10	22	-13.481763
12	22	-14.593579
14	22	-13.949741
16	22	-10.004776
18	22	-2.425628
20	22	7.285935
22	22	16.594674
24	22	22.22258
26	22	22.571259
28	22	18.689011
30	22	12.303513
32	22	4.06343
34	22	-5.304947
36	22	-15.144715
38	22	-24.67926
40	22	-33.169678
42	22	-40.222656
44	22	-46.635559
46	22	-53.800507
48	22	-61.720398
50	22	-69.389069
52	22	-76.283905
54	22	-81.966156
56	22	-85.975403
58	22	-88.100922
60	22	-89.095032
62	22	-89.546966
64	22	-89.15213
66	22	-87.521424
68	22	-84.536148
70	22	-80.316406
72	22	-75.221206
74	22	-69.445023
76	22	-63.304428
78	22	-56.740997
80	22	-49.952088
82	22	-43.327316
84	22	-37.157959
86	22	-31.629441
88	22	-26.947036
90	22	-23.46199
92	22	-21.830276
94	22	-22.584564
96	22	-25.576995
98	22	-30.29213
100	22	-36.182099
102	22	-42.541778
104	22	-48.449981
106	22	-53.064636
108	22	-55.817688
110	22	-56.591492
112	22	-55.404053
114	22	-52.178955
116	22	-47.048462
118	22	-40.626098
120	22	-33.53482
122	22	-26.40036
124	22	-19.423996
126	22	-12.56456
128	22	-5.941315
130	22	0.050217
132	22	4.809922
134	22	7.933228
136	22	9.213714
138	22	8.455002
140	22	5.596275
142	22	0.025604
144	22	-8.777668
146	22	-19.699566
148	22	-30.744088
150	22	-38.913177
152	22	-42.210739
154	22	-40.822372
156	22	-36.160614
158	22	-28.625351
160	22	-18.545379
162	22	-6.609878
164	22	6.671219
166	22	20.498734
168	22	34.620552
170	22	48.198803
172	22	59.960802
174	22	69.80641
176	22	77.972652
178	22	84.670257
180	22	93.186737
182	22	103.208283
184	22	112.21759
186	22	119.957489
188	22	128.609131
190	22	137.415954
192	22	144.137756
194	22	148.912903
196	22	152.623657
198	22	155.905639
200	22	159.142089
202	22	162.593139
204	22	166.130004
206	22	169.051147
208	22	170.262574
210	22	169.007325
212	22	165.187011
214	22	158.944092
216	22	150.176026
218	22	138.681884
220	22	124.600831
222	22	108.428589
224	22	90.935364
226	22	73.218445
228	22	56.555176
230	22	42.024537
232	22	30.363708
234	22	22.002869
236	22	17.113769
238	22	15.714569
240	22	17.657348
242	22	22.615494
244	22	30.186333
246	22	40.013856
248	22	51.780597
250	22	65.057403
252	22	79.372742
254	22	94.276794
256	22	109.223541
258	22	123.684021
260	22	137.040589
262	22	148.633911
264	22	157.699829
266	22	163.239013
268	22	163.879028
270	22	157.950562
272	22	143.690673
274	22	119.426879
276	22	84.012452
278	22	37.372314
280	22	-19.020996
282	22	-82.09497
284	22	-147.453369
286	22	-209.729493
288	22	-263.006103
290	22	-301.531616
292	22	-320.636963
294	22	-318.544678
296	22	-297.307739
298	22	-264.469665
300	22	-228.44928
302	22	-195.72406
304	22	-167.619324
306	22	-141.047974
308	22	-114.522034
310	22	-89.015655
312	22	-67.50473
314	22	-51.001007
316	22	-40.108917
318	22	-34.928589
320	22	-34.666779
322	22	-37.706116
324	22	-41.754578
326	22	-44.208099
328	22	-43.313598
330	22	-38.597626
332	22	-30.998199
334	22	-22.848984
336	22	-17.217788
338	22	-13.778069
340	22	-11.161049
342	22	-7.773002
0	23	-11.847109
2	23	-18.551231
4	23	-23.148362
6	23	-22.004383
8	23	-18.325016
10	23	-15.830111
12	23	-16.832424
14	23	-16.338329
16	23	-12.662537
18	23	-5.456787
20	23	3.582855
22	23	11.90699
24	23	16.691834
26	23	16.7444
28	23	13.056015
30	23	7.279633
32	23	-0.076126
34	23	-8.643448
36	23	-17.913391
38	23	-27.235108
40	23	-35.786347
42	23	-43.017334
44	23	-49.434723
46	23	-56.307038
48	23	-63.95462
50	23	-71.842193
52	23	-79.168396
54	23	-85.123596
56	23	-89.07193
58	23	-91.055542
60	23	-91.712463
62	23	-91.500793
64	23	-90.201233
66	23	-87.728149
68	23	-84.206299
70	23	-79.637115
72	23	-74.106171
74	23	-67.808654
76	23	-61.134216
78	23	-54.296189
80	23	-47.483017
82	23	-40.871445
84	23	-34.659927
86	23	-28.986679
88	23	-24.061081
90	23	-20.263245
92	23	-18.116333
94	23	-18.031861
96	23	-20.079071
98	23	-24.07016
100	23	-29.678009
102	23	-36.275788
104	23	-42.8909
106	23	-48.421997
108	23	-51.986511
110	23	-53.190582
112	23	-52.122284
114	23	-49.094696
116	23	-44.542846
118	23	-39.024903
120	23	-33.105927
122	23	-27.182647
124	23	-21.320983
126	23	-15.472564
128	23	-9.577087
130	23	-3.705703
132	23	1.634064
134	23	5.733429
136	23	7.970017
138	23	7.842285
140	23	4.999085
142	23	-0.647758
144	23	-8.958618
146	23	-18.449055
148	23	-27.277856
150	23	-33.270771
152	23	-35.495163
154	23	-34.486022
156	23	-31.254212
158	23	-26.237328
160	23	-19.70359
162	23	-12.015548
164	23	-3.179116
166	23	6.926987
168	23	18.010782
170	23	29.306004
172	23	40.144123
174	23	50.312874
176	23	60.121574
178	23	70.226089
180	23	80.982056
182	23	92.454834
184	23	102.759949
186	23	110.682343
188	23	117.093109
190	23	123.118408
192	23	128.219482
194	23	132.221008
196	23	135.229065
198	23	137.305298
200	23	138.594482
202	23	139.13031
204	23	139.087341
206	23	138.601257
208	23	137.595886
210	23	135.779724
212	23	132.697205
214	23	128.193115
216	23	122.125854
218	23	114.360046
220	23	104.98462
222	23	94.307678
224	23	83.019532
226	23	71.887695
228	23	61.493408
230	23	52.133056
232	23	44.131043
234	23	37.929138
236	23	33.844269
238	23	32.04779
240	23	32.462769
242	23	34.83081
244	23	38.969021
246	23	44.817658
248	23	52.249878
250	23	61.044159
252	23	70.964112
254	23	81.728943
256	23	92.815521
258	23	103.546631
260	23	113.292969
262	23	121.42102
264	23	127.189819
266	23	129.650513
268	23	127.650269
270	23	120.024781
272	23	105.950806
274	23	85.067261
276	23	57.165283
278	23	22.397583
280	23	-18.446899
282	23	-63.563721
284	23	-110.3042
286	23	-155.391601
288	23	-194.927856
290	23	-224.806275
292	23	-241.703736
294	23	-243.741822
296	23	-232.032837
298	23	-211.579529
300	23	-188.903381
302	23	-166.790345
304	23	-145.209473
306	23	-123.214264
308	23	-100.947174
310	23	-79.956879
312	23	-62.097687
314	23	-48.240967
316	23	-39.064453
318	23	-34.860016
320	23	-34.850495
322	23	-37.381561
324	23	-40.354553
326	23	-41.77005
328	23	-40.331177
330	23	-35.731353
332	23	-28.738526
334	23	-21.074906
336	23	-15.747322
338	23	-12.588638
340	23	-10.590027
342	23	-7.818394
0	24	-12.942001
2	24	-19.356639
4	24	-23.831072
6	24	-22.64151
8	24	-18.919823
10	24	-16.317526
12	24	-17.131039
14	24	-16.401916
16	24	-12.654133
18	24	-5.585556
20	24	3.122032
22	24	10.939682
24	24	15.207443
26	24	14.919174
28	24	11.126038
30	24	5.337647
32	24	-1.894821
34	24	-10.071747
36	24	-18.622925
38	24	-27.108979
40	24	-34.856415
42	24	-41.397522
44	24	-47.170197
46	24	-53.192016
48	24	-59.843292
50	24	-66.869415
52	24	-73.73471
54	24	-79.637451
56	24	-83.784973
58	24	-86.076752
60	24	-86.840546
62	24	-86.343933
64	24	-84.615509
66	24	-81.840271
68	24	-78.204574
70	24	-73.673187
72	24	-68.299286
74	24	-62.297012
76	24	-56.048599
78	24	-49.81636
80	24	-43.705566
82	24	-37.786225
84	24	-32.210251
86	24	-27.083313
88	24	-22.576553
90	24	-19.064209
92	24	-17.0009
94	24	-16.703156
96	24	-18.277863
98	24	-21.706055
100	24	-26.833985
102	24	-33.116302
104	24	-39.571228
106	24	-45.02771
108	24	-48.496857
110	24	-49.4917
112	24	-48.125702
114	24	-44.826355
116	24	-40.17044
118	24	-34.82904
120	24	-29.438416
122	24	-24.391083
124	24	-19.762085
126	24	-15.438049
128	24	-11.203552
130	24	-6.947265
132	24	-3.014831
134	24	-0.031616
136	24	1.391357
138	24	0.779755
140	24	-2.212006
142	24	-7.536514
144	24	-14.878746
146	24	-22.771446
148	24	-29.557189
150	24	-33.55663
152	24	-34.25479
154	24	-32.240044
156	24	-28.344173
158	24	-23.086918
160	24	-16.850799
162	24	-10.135261
164	24	-2.91407
166	24	5.137918
168	24	13.751244
170	24	22.283905
172	24	30.301865
174	24	37.60028
176	24	44.623337
178	24	51.966156
180	24	58.933319
182	24	66.155243
184	24	72.853607
186	24	78.404358
188	24	83.375977
190	24	88.810242
192	24	94.050598
194	24	98.486084
196	24	101.795227
198	24	103.799134
200	24	104.726685
202	24	105.005798
204	24	105.002991
206	24	104.944153
208	24	104.700683
210	24	103.624634
212	24	100.948852
214	24	96.115112
216	24	89.10492
218	24	80.689453
220	24	71.917114
222	24	63.629334
224	24	56.317749
226	24	50.216614
228	24	45.306457
230	24	41.504882
232	24	38.756958
234	24	36.97873
236	24	35.864593
238	24	35.10141
240	24	34.549957
242	24	34.376709
244	24	35.001373
246	24	36.867698
248	24	40.225322
250	24	45.063713
252	24	51.191925
254	24	58.352173
256	24	66.167755
258	24	74.034393
260	24	81.258515
262	24	87.067016
264	24	90.729493
266	24	91.620666
268	24	89.168396
270	24	82.77478
272	24	71.878601
274	24	56.101318
276	24	35.364379
278	24	10.021607
280	24	-19.092895
282	24	-50.636109
284	24	-82.893799
286	24	-113.928466
288	24	-141.694824
290	24	-164.039185
292	24	-178.863342
294	24	-184.662964
296	24	-181.204528
298	24	-169.968933
300	24	-155.193299
302	24	-139.996216
304	24	-124.017486
306	24	-106.631256
308	24	-88.383057
310	24	-71.095642
312	24	-56.447815
314	24	-45.391388
316	24	-38.208374
318	24	-34.987121
320	24	-35.148621
322	24	-37.27182
324	24	-39.510834
326	24	-40.266556
328	24	-38.595917
330	24	-34.311356
332	24	-27.899002
334	24	-20.338722
336	24	-15.067696
338	24	-11.900471
340	24	-9.969762
342	24	-7.53214
0	25	-12.818451
2	25	-18.878536
4	25	-23.159693
6	25	-21.994736
8	25	-18.347221
10	25	-15.796484
12	25	-16.572781
14	25	-15.785588
16	25	-12.096508
18	25	-5.239968
20	25	3.152123
22	25	10.638832
24	25	14.642173
26	25	14.261902
28	25	10.544204
30	25	4.9402
32	25	-1.984161
34	25	-9.698563
36	25	-17.660324
38	25	-25.521957
40	25	-32.680542
42	25	-38.689758
44	25	-43.952179
46	25	-49.404328
48	25	-55.405548
50	25	-61.748688
52	25	-68.015258
54	25	-73.481689
56	25	-77.392059
58	25	-79.601288
60	25	-80.342408
62	25	-79.826905
64	25	-78.135498
66	25	-75.48558
68	25	-72.068268
70	25	-67.849487
72	25	-62.888443
74	25	-57.382156
76	25	-51.692535
78	25	-46.04422
80	25	-40.496597
82	25	-35.098678
84	25	-29.996628
86	25	-25.30838
88	25	-21.200348
90	25	-18.000809
92	25	-16.100509
94	25	-15.78778
96	25	-17.186462
98	25	-20.321441
100	25	-25.077881
102	25	-30.940246
104	25	-36.963134
106	25	-42.030304
108	25	-45.204071
110	25	-46.024415
112	25	-44.603424
114	25	-41.350678
116	25	-36.842682
118	25	-31.760925
120	25	-26.738525
122	25	-22.161316
124	25	-18.094849
126	25	-14.400421
128	25	-10.834137
130	25	-7.257202
132	25	-3.967011
134	25	-1.527283
136	25	-0.502549
138	25	-1.292938
140	25	-4.180053
142	25	-9.103561
144	25	-15.745636
146	25	-22.731323
148	25	-28.557017
150	25	-31.764117
152	25	-31.94658
154	25	-29.657956
156	25	-25.653862
158	25	-20.459785
160	25	-14.506388
162	25	-8.324375
164	25	-1.91592
166	25	5.036219
168	25	12.321587
170	25	19.392014
172	25	25.872848
174	25	31.585968
176	25	36.868027
178	25	42.009369
180	25	46.205139
182	25	50.17566
184	25	53.670654
186	25	56.457856
188	25	59.088746
190	25	62.333008
192	25	65.620392
194	25	68.365722
196	25	70.209655
198	25	71.05365
200	25	71.174439
202	25	71.011902
204	25	70.824829
206	25	70.682556
208	25	70.409913
210	25	69.498413
212	25	67.379333
214	25	63.667298
216	25	58.425171
218	25	52.369385
220	25	46.424378
222	25	41.229675
224	25	36.96289
226	25	33.542724
228	25	30.798645
230	25	28.659332
232	25	27.107544
234	25	26.092285
236	25	25.370789
238	25	24.703308
240	25	24.028045
242	25	23.529357
244	25	23.539963
246	25	24.382134
248	25	26.249359
250	25	29.162138
252	25	33.008104
254	25	37.616287
256	25	42.681961
258	25	47.779205
260	25	52.446792
262	25	56.180817
264	25	58.511597
266	25	59.050934
268	25	57.452546
270	25	53.332153
272	25	46.284058
274	25	35.995056
276	25	22.377625
278	25	5.681335
280	25	-13.533264
282	25	-34.44696
284	25	-56.039795
286	25	-77.176269
288	25	-96.732605
290	25	-113.608154
292	25	-126.658814
294	25	-134.869873
296	25	-137.458801
298	25	-134.138855
300	25	-126.805298
302	25	-117.546174
304	25	-106.149201
306	25	-92.515137
308	25	-77.523682
310	25	-62.960815
312	25	-50.505676
314	25	-41.189514
316	25	-35.261322
318	25	-32.734604
320	25	-33.08815
322	25	-35.082596
324	25	-37.102188
326	25	-37.754852
328	25	-36.243225
330	25	-32.402802
332	25	-26.564972
334	25	-19.360893
336	25	-14.311416
338	25	-11.284031
340	25	-9.469147
342	25	-7.186458
