0	1	28.435128
2	1	31.808621
4	1	40.843044
6	1	44.546173
8	1	49.533027
10	1	55.39505
12	1	58.365082
14	1	58.92598
16	1	58.277146
18	1	57.574188
20	1	61.546204
22	1	69.116639
24	1	75.098694
26	1	76.617005
28	1	71.187286
30	1	61.361725
32	1	54.22815
34	1	52.688782
36	1	52.320099
38	1	51.081115
40	1	47.071259
42	1	42.848816
44	1	38.044922
46	1	31.612396
48	1	24.350525
50	1	21.727143
52	1	21.434937
54	1	22.813698
56	1	23.920342
58	1	23.199532
60	1	20.763794
62	1	18.808121
64	1	18.97793
66	1	20.687564
68	1	20.495674
70	1	17.468155
72	1	13.623413
74	1	12.04261
76	1	9.146363
78	1	2.24408
80	1	-6.853989
82	1	-14.771271
84	1	-15.019516
86	1	-6.391785
88	1	0.743179
90	1	4.474365
92	1	8.628673
94	1	6.776516
96	1	1.582924
98	1	-0.72451
100	1	2.039779
102	1	3.882729
104	1	5.905296
106	1	11.500664
108	1	26.944
110	1	43.525787
112	1	51.409958
114	1	57.234275
116	1	64.981255
118	1	73.766761
120	1	83.590812
122	1	98.373169
124	1	121.638504
126	1	144.970841
128	1	164.688446
130	1	170.630951
132	1	166.452759
134	1	152.597351
136	1	127.410096
138	1	102.56398
140	1	88.880234
142	1	91.651016
144	1	103.645065
146	1	113.566948
148	1	115.262768
150	1	108.285614
152	1	93.881008
154	1	77.928703
156	1	72.548647
158	1	92.7509
160	1	148.031227
162	1	238.352585
164	1	348.547196
166	1	451.902985
168	1	526.411423
170	1	561.642822
172	1	548.78659
174	1	473.486542
176	1	332.021973
178	1	172.456787
180	1	73.627198
182	1	56.469727
184	1	80.980835
186	1	115.922302
188	1	150.492249
190	1	179.568604
192	1	199.036987
194	1	208.388062
196	1	212.551209
198	1	215.794403
200	1	221.90805
202	1	233.566285
204	1	253.430938
206	1	282.375183
208	1	318.78009
210	1	358.222412
212	1	395.300598
214	1	426.829636
216	1	453.289589
218	1	476.882629
220	1	498.423989
222	1	516.685341
224	1	530.310547
226	1	539.402161
228	1	544.739064
230	1	545.358873
232	1	536.812465
234	1	512.427747
236	1	467.844126
238	1	404.621626
240	1	328.259323
242	1	242.679402
244	1	149.149944
246	1	51.984059
248	1	-37.942072
250	1	-109.250759
252	1	-161.194545
254	1	-205.608958
256	1	-257.473482
258	1	-325.926435
260	1	-412.117832
262	1	-509.746071
264	1	-607.365867
266	1	-694.334518
268	1	-765.761505
270	1	-819.676423
272	1	-850.470261
274	1	-851.626572
276	1	-825.381073
278	1	-781.90477
280	1	-727.787353
282	1	-662.608017
284	1	-590.580002
286	1	-527.338181
288	1	-487.789322
290	1	-468.410902
292	1	-444.118774
294	1	-385.649292
296	1	-284.527741
298	1	-161.593293
300	1	-52.970337
302	1	14.533142
304	1	36.287559
306	1	26.924034
308	1	5.099724
310	1	-18.177399
312	1	-36.338608
314	1	-40.013504
316	1	-25.142502
318	1	-9.039673
320	1	-2.547722
322	1	-4.144883
324	1	-14.049965
326	1	-22.357754
328	1	-25.923465
330	1	-26.571179
332	1	-22.380641
334	1	-11.349882
336	1	-5.178552
338	1	-3.053512
340	1	-3.787538
342	1	2.260107
0	2	31.031525
2	2	36.042679
4	2	52.107422
6	2	51.861252
8	2	58.005279
10	2	63.00798
12	2	64.343979
14	2	65.515304
16	2	63.861512
18	2	60.487915
20	2	60.854248
22	2	63.483642
24	2	65.559449
26	2	66.01474
28	2	61.792328
30	2	53.880982
32	2	48.19107
34	2	46.672638
36	2	44.307586
38	2	41.441131
40	2	34.581421
42	2	26.016694
44	2	16.17337
46	2	5.929077
48	2	-3.598297
50	2	-8.814209
52	2	-8.198853
54	2	-0.236984
56	2	8.963242
58	2	13.012558
60	2	14.716751
62	2	13.772991
64	2	12.751128
66	2	12.424785
68	2	13.270348
70	2	13.460655
72	2	11.864601
74	2	7.255211
76	2	-0.25859
78	2	-9.505402
80	2	-21.621795
82	2	-29.461945
84	2	-27.378036
86	2	-15.977081
88	2	-5.027046
90	2	1.998978
92	2	4.468207
94	2	5.767998
96	2	5.890792
98	2	4.404495
100	2	9.171203
102	2	13.927033
104	2	18.193527
106	2	31.179291
108	2	51.638275
110	2	70.250961
112	2	83.254822
114	2	90.684342
116	2	98.421737
118	2	113.574128
120	2	123.897507
122	2	144.481506
124	2	178.807815
126	2	213.233749
128	2	233.394653
130	2	243.648621
132	2	241.759857
134	2	220.11847
136	2	181.985687
138	2	139.431336
140	2	112.28949
142	2	113.994919
144	2	138.093247
146	2	165.024528
148	2	175.071833
150	2	163.266735
152	2	141.255909
154	2	122.509495
156	2	118.96905
158	2	143.884018
160	2	210.636544
162	2	314.776474
164	2	437.786072
166	2	555.259476
168	2	630.480529
170	2	634.083771
172	2	572.963287
174	2	475.196136
176	2	347.294556
178	2	199.829956
180	2	86.406372
182	2	50.009522
184	2	70.214722
186	2	109.784302
188	2	150.043702
190	2	184.218384
192	2	208.084839
194	2	220.169007
196	2	225.151612
198	2	228.550476
200	2	234.997558
202	2	247.404297
204	2	268.325379
206	2	298.517212
208	2	336.53479
210	2	378.58313
212	2	420.026275
214	2	457.988708
216	2	492.554077
218	2	525.178696
220	2	556.043289
222	2	583.42685
224	2	605.548027
226	2	622.153892
228	2	633.713722
230	2	638.894501
232	2	632.828537
234	2	608.572903
236	2	561.713451
238	2	493.867951
240	2	410.486024
242	2	315.507896
244	2	210.716808
246	2	101.56945
248	2	-0.476128
250	2	-84.691948
252	2	-151.132141
254	2	-211.082123
256	2	-277.898697
258	2	-359.374176
260	2	-456.359054
262	2	-563.503311
264	2	-670.869942
266	2	-768.379883
268	2	-850.238018
270	2	-913.186081
272	2	-951.707912
274	2	-960.561703
276	2	-942.319207
278	2	-905.764664
280	2	-855.969033
282	2	-792.776942
284	2	-720.879116
286	2	-654.098603
288	2	-604.714691
290	2	-569.51033
292	2	-526.849503
294	2	-450.22467
296	2	-329.676269
298	2	-181.834656
300	2	-46.820648
302	2	37.334427
304	2	66.929268
306	2	56.825088
308	2	26.51638
310	2	-8.426666
312	2	-34.100281
314	2	-33.479004
316	2	-7.045716
318	2	16.167389
320	2	20.04834
322	2	3.427551
324	2	-19.770172
326	2	-39.82293
328	2	-52.933909
330	2	-58.791182
332	2	-46.903455
334	2	-27.411827
336	2	-11.704856
338	2	-8.463679
340	2	-7.27209
342	2	1.695234
0	3	27.601235
2	3	31.453048
4	3	51.689087
6	3	57.914657
8	3	65.180786
10	3	66.431305
12	3	62.28778
14	3	60.801361
16	3	59.507935
18	3	59.916046
20	3	63.545105
22	3	64.744324
24	3	62.042847
26	3	57.450195
28	3	50.936035
30	3	43.449524
32	3	37.000916
34	3	32.485107
36	3	27.874573
38	3	24.837891
40	3	19.475463
42	3	12.013733
44	3	2.895691
46	3	-4.769134
48	3	-9.782318
50	3	-11.526398
52	3	-7.124543
54	3	-0.544921
56	3	5.254272
58	3	9.655884
60	3	12.5242
62	3	12.484764
64	3	10.427819
66	3	8.153204
68	3	5.676892
70	3	1.447815
72	3	-4.022308
74	3	-8.973282
76	3	-14.191338
78	3	-20.329483
80	3	-25.919976
82	3	-27.050705
84	3	-21.250031
86	3	-10.602363
88	3	-0.419113
90	3	5.280668
92	3	6.208168
94	3	9.387817
96	3	14.586426
98	3	20.276428
100	3	28.577301
102	3	35.997772
104	3	43.168106
106	3	54.551575
108	3	70.01297
110	3	86.381561
112	3	104.986603
114	3	121.634857
116	3	133.753265
118	3	148.642395
120	3	166.160248
122	3	193.355011
124	3	228.757934
126	3	261.037934
128	3	285.197754
130	3	300.985779
132	3	304.431824
134	3	281.445008
136	3	236.112061
138	3	186.717895
140	3	153.367401
142	3	150.736634
144	3	173.467682
146	3	200.920822
148	3	204.452591
150	3	183.845459
152	3	156.915718
154	3	135.813075
156	3	127.699581
158	3	141.836754
160	3	186.631469
162	3	262.575775
164	3	356.420669
166	3	441.21814
168	3	485.141205
170	3	468.123261
172	3	400.564117
174	3	315.973449
176	3	240.275574
178	3	164.572998
180	3	94.461182
182	3	49.196777
184	3	43.182983
186	3	72.723144
188	3	117.473877
190	3	161.454224
192	3	195.060913
194	3	213.930664
196	3	221.754273
198	3	225.456665
200	3	231.528687
202	3	243.721924
204	3	264.458802
206	3	294.265931
208	3	332.041993
210	3	375.005859
212	3	419.616211
214	3	463.457398
216	3	506.112915
218	3	547.977905
220	3	588.414978
222	3	625.341339
224	3	656.711761
226	3	681.860138
228	3	700.809158
230	3	712.033951
232	3	710.936325
234	3	691.157921
236	3	648.632698
238	3	584.624527
240	3	503.854648
242	3	410.104179
244	3	305.781006
246	3	196.499888
248	3	92.158738
250	3	1.227082
252	3	-76.927338
254	3	-151.525269
256	3	-232.890716
258	3	-326.871124
260	3	-433.991485
262	3	-550.02652
264	3	-666.814423
266	3	-775.234284
268	3	-868.651733
270	3	-942.553162
272	3	-992.020417
274	3	-1013.539978
276	3	-1009.230407
278	3	-985.159302
280	3	-945.061676
282	3	-889.930328
284	3	-824.443893
286	3	-758.957283
288	3	-701.599251
290	3	-648.031525
292	3	-580.533066
294	3	-481.461075
296	3	-346.078064
298	3	-187.224945
300	3	-45.540588
302	3	40.865814
304	3	69.925301
306	3	57.685882
308	3	25.592377
310	3	-8.713883
312	3	-30.596253
314	3	-28.774216
316	3	-9.897766
318	3	4.032104
320	3	-1.643441
322	3	-21.478813
324	3	-42.569817
326	3	-52.819165
328	3	-49.031651
330	3	-35.843741
332	3	-22.659115
334	3	-10.537094
336	3	-3.712123
338	3	-2.803714
340	3	-2.831085
342	3	-0.443334
0	4	26.713562
2	4	27.510452
4	4	43.540741
6	4	53.728577
8	4	64.497864
10	4	69.374054
12	4	65.894653
14	4	57.801239
16	4	53.932862
18	4	55.679047
20	4	59.068085
22	4	57.607177
24	4	48.11615
26	4	33.062745
28	4	18.582581
30	4	8.05011
32	4	1.046936
34	4	-3.997314
36	4	-10.305176
38	4	-13.120117
40	4	-13.805603
42	4	-14.903138
44	4	-16.737915
46	4	-17.860169
48	4	-16.206116
50	4	-13.84906
52	4	-6.664276
54	4	0.41214
56	4	3.019349
58	4	2.97818
60	4	2.270661
62	4	0.170762
64	4	-2.540902
66	4	-3.472389
68	4	-4.149609
70	4	-6.905669
72	4	-11.629558
74	4	-16.816674
76	4	-22.344879
78	4	-26.386673
80	4	-26.142487
82	4	-20.717186
84	4	-9.970604
86	4	1.232933
88	4	13.773875
90	4	22.772219
92	4	27.448303
94	4	31.886474
96	4	37.339386
98	4	42.523895
100	4	49.771728
102	4	57.67746
104	4	68.104523
106	4	78.784912
108	4	89.134125
110	4	99.99353
112	4	115.139069
114	4	135.625793
116	4	155.921905
118	4	177.013794
120	4	200.606537
122	4	233.083648
124	4	268.957397
126	4	297.672271
128	4	317.616577
130	4	328.211182
132	4	323.842529
134	4	296.882873
136	4	252.467346
138	4	205.28656
140	4	171.630188
142	4	163.104584
144	4	172.381287
146	4	180.874787
148	4	171.517761
150	4	148.710419
152	4	126.960983
154	4	110.904556
156	4	103.597602
158	4	113.21827
160	4	145.465363
162	4	197.655106
164	4	259.443176
166	4	313.471313
168	4	339.08133
170	4	323.530151
172	4	273.45636
174	4	209.903809
176	4	155.83197
178	4	115.106933
180	4	81.921631
182	4	50.51001
184	4	25.665283
186	4	32.178466
188	4	68.71814
190	4	116.894165
192	4	159.923217
194	4	188.166016
196	4	202.001953
198	4	208.038574
200	4	214.371216
202	4	226.093506
204	4	245.977295
206	4	274.541381
208	4	311.047851
210	4	353.742187
212	4	400.39447
214	4	449.368103
216	4	499.931945
218	4	551.335572
220	4	601.70697
222	4	648.139221
224	4	688.023743
226	4	720.105713
228	4	743.952667
230	4	758.219085
232	4	759.376404
234	4	742.586334
236	4	704.739922
238	4	646.882113
240	4	572.887284
242	4	486.281127
244	4	389.863587
246	4	288.506515
248	4	189.169861
250	4	97.071899
252	4	11.096863
254	4	-75.229065
256	4	-168.662659
258	4	-272.861877
260	4	-388.006042
262	4	-510.934387
264	4	-635.336731
266	4	-753.510681
268	4	-858.82489
270	4	-946.160705
272	4	-1010.990784
274	4	-1050.356811
276	4	-1064.777099
278	4	-1057.062073
280	4	-1029.142701
282	4	-982.347839
284	4	-920.963074
286	4	-852.577805
288	4	-782.329224
290	4	-705.889099
292	4	-611.231797
294	4	-490.852184
296	4	-346.241119
298	4	-188.621735
300	4	-55.107391
302	4	23.665268
304	4	46.366844
306	4	33.110008
308	4	6.656189
310	4	-19.828568
312	4	-35.982185
314	4	-37.772392
316	4	-32.132988
318	4	-29.72723
320	4	-36.978607
322	4	-49.791867
324	4	-57.853047
326	4	-56.354599
328	4	-43.934956
330	4	-25.766197
332	4	-11.192299
334	4	-2.636276
336	4	0.175255
338	4	3.221626
340	4	6.490648
342	4	8.27121
0	5	25.850052
2	5	25.719055
4	5	36.424438
6	5	44.471711
8	5	56.185638
10	5	64.804016
12	5	64.502655
14	5	57.615052
16	5	50.624848
18	5	46.668579
20	5	45.204834
22	5	38.334106
24	5	21.833435
26	5	-0.687622
28	5	-19.112854
30	5	-28.813232
32	5	-32.906434
34	5	-34.878723
36	5	-38.832825
38	5	-41.077453
40	5	-40.877808
42	5	-39.342102
44	5	-37.482299
46	5	-34.858582
48	5	-29.180298
50	5	-25.048279
52	5	-18.400269
54	5	-11.831695
56	5	-10.293457
58	5	-11.891083
60	5	-14.190628
62	5	-18.189285
64	5	-21.464363
66	5	-20.491799
68	5	-18.219517
70	5	-19.199537
72	5	-23.4886
74	5	-28.200096
76	5	-32.700859
78	5	-33.641845
80	5	-27.762703
82	5	-16.685238
84	5	-5.675205
86	5	4.339428
88	5	15.097649
90	5	25.826942
92	5	34.90596
94	5	42.070465
96	5	48.143494
98	5	54.326355
100	5	59.020722
102	5	66.647095
104	5	80.742432
106	5	95.036194
108	5	104.348297
110	5	110.792541
112	5	123.865631
114	5	144.558929
116	5	167.970063
118	5	193.421723
120	5	221.522461
122	5	255.061585
124	5	286.924072
126	5	309.704895
128	5	321.29956
130	5	321.761841
132	5	309.230835
134	5	282.923523
136	5	244.564636
138	5	205.618897
140	5	176.155884
142	5	161.618286
144	5	156.038574
146	5	147.15982
148	5	125.934998
150	5	99.198089
152	5	77.518829
154	5	61.296036
156	5	52.187119
158	5	58.047096
160	5	83.331727
162	5	122.788452
164	5	166.640045
166	5	204.474121
168	5	225.203186
170	5	222.424194
172	5	198.969971
174	5	162.83252
176	5	124.034179
178	5	91.480957
180	5	67.415406
182	5	47.510254
184	5	21.147095
186	5	6.633667
188	5	23.108643
190	5	64.571167
192	5	112.453613
194	5	150.510376
196	5	173.022949
198	5	183.802491
200	5	191.202149
202	5	201.879517
204	5	219.908813
206	5	246.493775
208	5	281.458984
210	5	323.941406
212	5	372.763427
214	5	426.945312
216	5	485.613159
218	5	547.109558
220	5	608.299012
222	5	665.005127
224	5	713.438172
226	5	751.315308
228	5	777.620484
230	5	791.310822
232	5	790.274398
234	5	771.688492
236	5	733.901993
238	5	678.202744
240	5	608.144989
242	5	527.352844
244	5	438.843727
246	5	346.264114
248	5	253.567871
250	5	163.195129
252	5	73.806885
254	5	-18.887024
256	5	-119.111938
258	5	-229.029541
260	5	-348.386719
262	5	-474.528808
264	5	-602.535035
266	5	-726.252197
268	5	-839.812256
270	5	-938.315307
272	5	-1017.685547
274	5	-1074.851929
276	5	-1108.218383
278	5	-1117.247498
280	5	-1101.628357
282	5	-1061.997925
284	5	-1001.859253
286	5	-927.161133
288	5	-842.092758
290	5	-744.761059
292	5	-630.258744
294	5	-498.59111
296	5	-352.506233
298	5	-201.433151
300	5	-80.200012
302	5	-13.035798
304	5	3.892501
306	5	-5.064209
308	5	-23.219578
310	5	-45.907607
312	5	-66.761814
314	5	-78.093808
316	5	-76.969219
318	5	-71.285403
320	5	-69.823925
322	5	-69.747002
324	5	-65.481073
326	5	-55.386568
328	5	-43.41066
330	5	-32.147751
332	5	-16.514259
334	5	-7.337707
336	5	-1.459336
338	5	5.447215
340	5	15.304104
342	5	18.828646
0	6	23.887207
2	6	23.739533
4	6	30.935944
6	6	36.09967
8	6	47.777527
10	6	56.353027
12	6	57.020569
14	6	47.302521
16	6	38.284301
18	6	33.668518
20	6	28.590759
22	6	20.98761
24	6	5.617005
26	6	-15.823669
28	6	-34.347413
30	6	-44.025268
32	6	-48.365418
34	6	-52.079346
36	6	-57.324951
38	6	-59.838806
40	6	-58.572876
42	6	-55.672058
44	6	-52.82251
46	6	-48.439453
48	6	-40.737061
50	6	-35.556762
52	6	-30.503174
54	6	-26.094391
56	6	-24.097168
58	6	-24.684723
60	6	-27.277862
62	6	-31.51448
64	6	-34.209442
66	6	-32.610894
68	6	-28.975502
70	6	-26.496359
72	6	-27.324535
74	6	-30.312485
76	6	-33.057312
78	6	-32.496971
80	6	-24.820721
82	6	-11.860615
84	6	-0.322117
86	6	10.140054
88	6	19.291722
90	6	30.498772
92	6	44.835449
94	6	58.195374
96	6	65.369049
98	6	66.838684
100	6	66.432068
102	6	72.569702
104	6	89.611695
106	6	106.394654
108	6	116.99945
110	6	123.036713
112	6	134.063965
114	6	153.349518
116	6	176.192261
118	6	199.912781
120	6	227.744476
122	6	259.151733
124	6	286.328675
126	6	302.107056
128	6	305.104981
130	6	298.338074
132	6	281.904358
134	6	257.218079
136	6	226.420349
138	6	195.450684
140	6	169.306396
142	6	150.587585
144	6	133.893127
146	6	110.387329
148	6	78.162293
150	6	42.824524
152	6	15.473449
154	6	-0.63234
156	6	-7.552399
158	6	-2.373153
160	6	19.609901
162	6	55.972786
164	6	96.542053
166	6	132.125763
168	6	157.003846
170	6	168.073975
172	6	165.418091
174	6	150.714843
176	6	126.914551
178	6	99.971191
180	6	74.853637
182	6	52.118042
184	6	24.170166
186	6	-2.534424
188	6	-6.676513
190	6	18.792236
192	6	61.367676
194	6	102.35083
196	6	130.332153
198	6	144.577149
200	6	152.029419
202	6	160.496826
204	6	175.972168
206	6	201.091919
208	6	236.485718
210	6	281.72644
212	6	335.855835
214	6	397.808594
216	6	466.2948
218	6	538.962158
220	6	611.807678
222	6	679.621582
224	6	737.452209
226	6	781.980469
228	6	811.609924
230	6	825.391388
232	6	822.129624
234	6	800.559662
236	6	760.498511
238	6	703.842079
240	6	634.144714
242	6	555.221344
244	6	470.18563
246	6	381.788391
248	6	292.245728
250	6	202.652771
252	6	111.770325
254	6	16.460937
256	6	-86.328857
258	6	-197.927613
260	6	-317.50708
262	6	-442.479493
264	6	-569.004394
266	6	-692.56958
268	6	-808.624755
270	6	-913.170777
272	6	-1002.791626
274	6	-1074.178222
276	6	-1123.759521
278	6	-1147.878295
280	6	-1143.962037
282	6	-1111.917481
284	6	-1054.659424
286	6	-977.092285
288	6	-883.419159
290	6	-775.147309
292	6	-653.556373
294	6	-521.105575
296	6	-376.265862
298	6	-230.593513
300	6	-119.202568
302	6	-58.898124
304	6	-43.314317
306	6	-52.071589
308	6	-73.162918
310	6	-101.088722
312	6	-126.091033
314	6	-137.63382
316	6	-134.202743
318	6	-125.576347
320	6	-115.037911
322	6	-99.706798
324	6	-79.561024
326	6	-60.488248
328	6	-50.396797
330	6	-42.232071
332	6	-24.801903
334	6	-10.806175
336	6	1.118359
338	6	7.584828
340	6	15.202851
342	6	17.004866
0	7	21.493027
2	7	20.980255
4	7	25.988403
6	7	26.90744
8	7	36.967774
10	7	48.148743
12	7	48.233002
14	7	37.436523
16	7	24.345764
18	7	17.201782
20	7	12.8396
22	7	6.725281
24	7	-4.308167
26	7	-19.751831
28	7	-35.172485
30	7	-47.077392
32	7	-54.042236
34	7	-58.490661
36	7	-62.339905
38	7	-62.170838
40	7	-57.785949
42	7	-52.965515
44	7	-49.980957
46	7	-46.839172
48	7	-39.387024
50	7	-32.238281
52	7	-25.84961
54	7	-21.783722
56	7	-20.9729
58	7	-23.106781
60	7	-27.555023
62	7	-32.653732
64	7	-36.205215
66	7	-36.699768
68	7	-34.658802
70	7	-30.850434
72	7	-26.187067
74	7	-22.598896
76	7	-21.776871
78	7	-21.135449
80	7	-14.646587
82	7	-3.163642
84	7	8.331367
86	7	17.865757
88	7	27.072609
90	7	39.439529
92	7	56.465302
94	7	74.33316
96	7	84.284302
98	7	84.368073
100	7	79.951905
102	7	86.836945
104	7	103.041748
106	7	118.412933
108	7	127.584809
110	7	132.205719
112	7	140.395539
114	7	158.243866
116	7	179.649231
118	7	199.984314
120	7	224.836243
122	7	252.735108
124	7	272.66571
126	7	281.112976
128	7	280.201904
130	7	270.728515
132	7	251.512451
134	7	226.276184
136	7	199.946289
138	7	176.789307
140	7	153.410645
142	7	135.145203
144	7	113.753906
146	7	79.863984
148	7	38.040924
150	7	-5.748748
152	7	-39.796326
154	7	-56.444687
156	7	-59.123535
158	7	-49.185262
160	7	-25.742016
162	7	9.86364
164	7	50.593582
166	7	88.702026
168	7	120.160431
170	7	142.423156
172	7	153.330139
174	7	151.998475
176	7	139.609253
178	7	119.811889
180	7	95.352539
182	7	66.652466
184	7	31.742431
186	7	-3.703369
188	7	-23.26416
190	7	-15.790039
192	7	13.17041
194	7	47.544922
196	7	73.765869
198	7	87.141845
200	7	92.248535
202	7	97.227417
204	7	109.90332
206	7	134.65564
208	7	173.008911
210	7	224.554931
212	7	287.824829
214	7	361.027465
216	7	442.102539
218	7	527.925049
220	7	613.771973
222	7	693.817505
224	7	762.544434
226	7	816.123962
228	7	852.557006
230	7	870.75238
232	7	869.789901
234	7	849.120997
236	7	809.409012
238	7	753.077332
240	7	683.831298
242	7	605.595705
244	7	521.623917
246	7	434.345368
248	7	345.306824
250	7	255.046692
252	7	162.26355
254	7	64.332886
256	7	-40.982422
258	7	-154.068115
260	7	-273.239013
262	7	-395.696045
264	7	-518.351197
266	7	-638.06897
268	7	-751.84375
270	7	-857.07788
272	7	-951.271484
274	7	-1031.155274
276	7	-1092.198609
278	7	-1129.342285
280	7	-1138.973389
282	7	-1120.193604
284	7	-1074.440674
286	7	-1004.590577
288	7	-914.238464
290	7	-807.790161
292	7	-689.925285
294	7	-560.652344
296	7	-415.447022
298	7	-273.076706
300	7	-166.969864
302	7	-112.280708
304	7	-103.397038
306	7	-117.139939
308	7	-140.994094
310	7	-172.628143
312	7	-200.920501
314	7	-210.119996
316	7	-201.113403
318	7	-182.267929
320	7	-157.52916
322	7	-129.781021
324	7	-100.639946
326	7	-76.057412
328	7	-58.853355
330	7	-43.002755
332	7	-21.29583
334	7	-4.1166
336	7	4.542325
338	7	7.433757
340	7	12.945481
342	7	13.913083
0	8	17.526581
2	8	17.249634
4	8	20.746643
6	8	18.615143
8	8	22.648834
10	8	34.042694
12	8	38.446716
14	8	32.229736
16	8	19.939026
18	8	8.892212
20	8	2.07019
22	8	-3.813354
24	8	-11.701966
26	8	-24.917663
28	8	-38.985108
30	8	-49.869324
32	8	-56.135132
34	8	-58.421143
36	8	-60.290283
38	8	-61.017395
40	8	-59.088745
42	8	-55.852966
44	8	-53.940613
46	8	-52.862732
48	8	-47.644165
50	8	-40.90979
52	8	-34.92334
54	8	-31.534638
56	8	-30.962555
58	8	-33.174561
60	8	-37.620575
62	8	-42.536209
64	8	-45.671234
66	8	-46.29924
68	8	-43.629414
70	8	-37.963886
72	8	-30.262217
74	8	-21.595671
76	8	-15.67684
78	8	-12.237727
80	8	-7.094212
82	8	-1.67314
84	8	4.792275
86	8	13.336903
88	8	24.568055
90	8	39.346359
92	8	57.535996
94	8	75.987579
96	8	85.711059
98	8	88.296082
100	8	89.18396
102	8	95.691712
104	8	108.016876
106	8	121.766175
108	8	128.989685
110	8	130.436584
112	8	136.187378
114	8	150.294556
116	8	168.550811
118	8	187.381989
120	8	211.037933
122	8	237.72992
124	8	251.954712
126	8	254.569397
128	8	247.86084
130	8	235.769043
132	8	216.735596
134	8	192.10492
136	8	166.492981
138	8	147.007385
140	8	128.044128
142	8	114.295288
144	8	90.492798
146	8	53.408203
148	8	5.132904
150	8	-44.137421
152	8	-82.797119
154	8	-98.165909
156	8	-94.723416
158	8	-77.010357
160	8	-48.880332
162	8	-13.753639
164	8	24.969116
166	8	64.106659
168	8	100.594238
170	8	130.386657
172	8	149.34845
174	8	155.519958
176	8	150.362365
178	8	136.54773
180	8	114.534668
182	8	82.616089
184	8	41.042969
186	8	-1.903809
188	8	-32.026612
190	8	-39.153565
192	8	-25.478516
194	8	-3.343995
196	8	14.695313
198	8	22.35376
200	8	22.322753
202	8	22.42456
204	8	31.619141
206	8	55.760254
208	8	97.222656
210	8	155.554199
212	8	228.594971
214	8	313.628052
216	8	407.701782
218	8	506.965943
220	8	606.183838
222	8	699.206604
224	8	780.281799
226	8	845.278931
228	8	891.851074
230	8	918.671692
232	8	924.756413
234	8	909.672302
236	8	874.298951
238	8	821.272522
240	8	754.460754
242	8	678.008797
244	8	595.513183
246	8	509.447571
248	8	421.02533
250	8	330.217651
252	8	235.43042
254	8	134.397217
256	8	25.672852
258	8	-90.257569
260	8	-210.970703
262	8	-333.222901
264	8	-453.943115
266	8	-570.602539
268	8	-681.284424
270	8	-784.513916
272	8	-878.561279
274	8	-960.526123
276	8	-1026.155273
278	8	-1070.902587
280	8	-1091.760376
282	8	-1087.837158
284	8	-1059.234375
286	8	-1006.668091
288	8	-932.821594
290	8	-842.36676
292	8	-737.43251
294	8	-612.543926
296	8	-466.829914
298	8	-326.262162
300	8	-218.763903
302	8	-165.610588
304	8	-161.100403
306	8	-181.897889
308	8	-214.27475
310	8	-249.746398
312	8	-274.086242
314	8	-273.946197
316	8	-248.966003
318	8	-213.182648
320	8	-176.162506
322	8	-145.107788
324	8	-117.257919
326	8	-93.411483
328	8	-72.441561
330	8	-47.020687
332	8	-17.765693
334	8	-2.433849
336	8	1.837632
338	8	4.579193
340	8	10.088608
342	8	12.388977
0	9	12.601753
2	9	11.747207
4	9	14.325989
6	9	10.895874
8	9	9.909394
10	9	17.675964
12	9	24.229187
14	9	22.28656
16	9	13.934754
18	9	2.268738
20	9	-7.153565
22	9	-14.991394
24	9	-23.67157
26	9	-34.400696
28	9	-45.601501
30	9	-55.207092
32	9	-62.748352
34	9	-68.310364
36	9	-72.465637
38	9	-74.670288
40	9	-73.720337
42	9	-71.229187
44	9	-69.714844
46	9	-68.857971
48	9	-64.383301
50	9	-57.917785
52	9	-52.439057
54	9	-49.707276
56	9	-47.979217
58	9	-47.000518
60	9	-46.842834
62	9	-46.94986
64	9	-47.655549
66	9	-48.802803
68	9	-47.971955
70	9	-44.261043
72	9	-36.256546
74	9	-26.132333
76	9	-17.203866
78	9	-9.649759
80	9	-2.829806
82	9	1.182287
84	9	5.025963
86	9	11.359897
88	9	22.74604
90	9	36.131012
92	9	49.849823
94	9	63.038269
96	9	72.682373
98	9	79.786896
100	9	85.37613
102	9	91.289643
104	9	99.561309
106	9	110.001343
108	9	118.956146
110	9	126.875458
112	9	132.670105
114	9	140.324463
116	9	150.498505
118	9	162.273011
120	9	182.367614
122	9	207.956421
124	9	224.469361
126	9	226.930115
128	9	217.216492
130	9	200.54425
132	9	180.532593
134	9	161.097778
136	9	136.934631
138	9	117.527405
140	9	102.999084
142	9	88.830871
144	9	62.05188
146	9	25.305755
148	9	-25.333985
150	9	-76.420654
152	9	-116.921508
154	9	-127.577057
156	9	-115.604731
158	9	-89.135849
160	9	-55.619863
162	9	-20.161902
164	9	16.116196
166	9	53.954284
168	9	91.62738
170	9	124.403747
172	9	146.880676
174	9	156.750183
176	9	156.015931
178	9	146.418946
180	9	126.836548
182	9	94.736817
184	9	50.501465
186	9	3.139648
188	9	-34.279785
190	9	-52.981689
192	9	-53.741944
194	9	-45.763916
196	9	-39.342529
198	9	-40.374268
200	9	-47.187744
202	9	-52.757813
204	9	-47.985108
206	9	-26.162841
208	9	15.893676
210	9	78.074951
212	9	157.976196
214	9	252.15625
216	9	356.815918
218	9	467.484008
220	9	578.582031
222	9	683.7901
224	9	777.194763
226	9	854.40033
228	9	912.683594
230	9	950.392166
232	9	966.313484
234	9	959.840866
236	9	931.759521
238	9	884.707153
240	9	822.630764
242	9	749.893463
244	9	670.451751
246	9	587.005798
248	9	500.70105
250	9	411.218018
252	9	316.877564
254	9	215.576905
256	9	106.095703
258	9	-10.890625
260	9	-132.845947
262	9	-256.309082
264	9	-377.929443
266	9	-495.059814
268	9	-605.975097
270	9	-709.576904
272	9	-804.426758
274	9	-888.002685
276	9	-957.022949
278	9	-1008.513672
280	9	-1040.728272
282	9	-1052.896362
284	9	-1044.270142
286	9	-1014.097168
288	9	-962.692444
290	9	-890.846497
292	9	-795.459991
294	9	-669.522995
296	9	-519.970184
298	9	-368.795639
300	9	-254.502442
302	9	-209.724029
304	9	-218.987091
306	9	-250.48407
308	9	-284.474243
310	9	-311.963623
312	9	-321.835938
314	9	-303.122925
316	9	-258.558289
318	9	-210.9841
320	9	-180.437744
322	9	-148.343597
324	9	-117.055725
326	9	-88.164131
328	9	-63.997149
330	9	-41.945028
332	9	-20.453155
334	9	-7.303799
336	9	-1.882237
338	9	2.07394
340	9	8.327332
342	9	11.5848
0	10	8.692154
2	10	7.274048
4	10	8.937653
6	10	4.168884
8	10	0.496094
10	10	3.012635
12	10	9.412506
14	10	10.903259
16	10	6.064575
18	10	-3.460083
20	10	-12.971009
22	10	-21.653076
24	10	-30.930237
26	10	-41.485047
28	10	-52.649353
30	10	-62.596802
32	10	-70.088928
34	10	-75.659424
36	10	-79.331177
38	10	-81.535705
40	10	-81.663879
42	10	-81.116639
44	10	-80.620117
46	10	-79.245727
48	10	-74.738769
50	10	-67.997406
52	10	-61.942749
54	10	-59.962921
56	10	-59.249878
58	10	-57.617645
60	10	-54.995331
62	10	-51.868561
64	10	-50.034622
66	10	-50.872887
68	10	-52.085015
70	10	-50.819855
72	10	-44.92816
74	10	-35.540115
76	10	-26.238739
78	10	-17.968459
80	10	-10.566609
82	10	-4.321624
84	10	2.22255
86	10	11.047112
88	10	22.745331
90	10	33.61026
92	10	42.144256
94	10	49.626724
96	10	56.613952
98	10	64.125671
100	10	70.133789
102	10	75.734955
104	10	84.681274
106	10	96.347473
108	10	108.325348
110	10	114.925811
112	10	118.096894
114	10	123.479065
116	10	130.509735
118	10	140.592926
120	10	157.183929
122	10	177.757447
124	10	192.53247
126	10	195.985473
128	10	189.534668
130	10	171.956543
132	10	151.640564
134	10	134.605713
136	10	114.58728
138	10	96.637879
140	10	81.856384
142	10	63.263244
144	10	35.162414
146	10	-1.396058
148	10	-52.376801
150	10	-102.062928
152	10	-142.322968
154	10	-146.372864
156	10	-123.891274
158	10	-89.087518
160	10	-51.801062
162	10	-16.745849
164	10	17.072685
166	10	52.438996
168	10	88.227905
170	10	120.101898
172	10	142.381591
174	10	153.475952
176	10	156.127442
178	10	150.006226
180	10	132.784179
182	10	102.226928
184	10	58.405395
186	10	9.526611
188	10	-32.685303
190	10	-60.744873
192	10	-74.494629
194	10	-80.323486
196	10	-86.055908
198	10	-96.239746
200	10	-109.628418
202	10	-120.190185
204	10	-119.645996
206	10	-101.304688
208	10	-61.487183
210	10	0.318481
212	10	82.023316
214	10	180.085327
216	10	290.415649
218	10	408.332031
220	10	528.173096
222	10	643.527222
224	10	748.209533
226	10	837.270905
228	10	907.282715
230	10	956.140205
232	10	982.548645
234	10	986.028687
236	10	967.502197
238	10	929.554566
240	10	875.91605
242	10	810.798157
244	10	738.091248
246	10	660.802917
248	10	580.457886
250	10	496.765503
252	10	407.783814
254	10	310.933594
256	10	204.739746
258	10	89.833008
260	10	-31.387451
262	10	-155.627197
264	10	-279.640625
266	10	-400.889405
268	10	-517.852294
270	10	-629.39917
272	10	-733.537598
274	10	-826.940918
276	10	-905.852539
278	10	-967.467773
280	10	-1010.899902
282	10	-1036.68164
284	10	-1044.897705
286	10	-1034.316528
288	10	-1002.628967
290	10	-945.089783
292	10	-853.602234
294	10	-723.416291
296	10	-560.799561
298	10	-397.926758
300	10	-293.929901
302	10	-268.431458
304	10	-287.776001
306	10	-312.421753
308	10	-333.052307
310	10	-342.963501
312	10	-329.748779
314	10	-291.346618
316	10	-247.558472
318	10	-207.540588
320	10	-168.441407
322	10	-135.405914
324	10	-107.521286
326	10	-83.612724
328	10	-61.617857
330	10	-41.368661
332	10	-22.094425
334	10	-9.666727
336	10	-3.709165
338	10	1.66011
340	10	8.459297
342	10	11.055288
0	11	5.819229
2	11	3.075882
4	11	3.28772
6	11	-1.168457
8	11	-5.593933
10	11	-6.908112
12	11	-4.441559
14	11	-2.493866
16	11	-4.439637
18	11	-10.780945
20	11	-19.02417
22	11	-27.744995
24	11	-37.442017
26	11	-48.64685
28	11	-59.308472
30	11	-67.365967
32	11	-72.825134
34	11	-76.796509
36	11	-78.677613
38	11	-79.707093
40	11	-80.25293
42	11	-80.866638
44	11	-81.353027
46	11	-80.67926
48	11	-77.141144
50	11	-71.735015
52	11	-66.360595
54	11	-64.231293
56	11	-63.789368
58	11	-62.724305
60	11	-60.523147
62	11	-58.093369
64	11	-57.092834
66	11	-58.115326
68	11	-59.215027
70	11	-57.563572
72	11	-51.099467
74	11	-41.167339
76	11	-31.423939
78	11	-22.901879
80	11	-15.314621
82	11	-8.343239
84	11	-0.704612
86	11	9.547905
88	11	21.023445
90	11	31.940308
92	11	39.683014
94	11	42.178162
96	11	45.746795
98	11	51.705872
100	11	59.288727
102	11	67.882294
104	11	77.330017
106	11	87.788239
108	11	99.312928
110	11	107.824554
112	11	112.798859
114	11	118.122009
116	11	124.148651
118	11	131.040284
120	11	143.345337
122	11	157.673614
124	11	166.84375
126	11	166.949096
128	11	160.578797
130	11	143.870361
132	11	122.834106
134	11	105.096069
136	11	87.612061
138	11	73.623657
140	11	57.412903
142	11	36.193879
144	11	9.265991
146	11	-25.93338
148	11	-74.592713
150	11	-121.328385
152	11	-155.180992
154	11	-157.942684
156	11	-126.491047
158	11	-82.441082
160	11	-40.445412
162	11	-6.608349
164	11	23.28389
166	11	54.537628
168	11	86.600556
170	11	114.826904
172	11	134.577637
174	11	145.847473
176	11	151.044494
178	11	147.774292
180	11	133.427612
182	11	105.253784
184	11	63.112549
186	11	14.282227
188	11	-30.635009
190	11	-65.260498
192	11	-89.310546
194	11	-106.855224
196	11	-123.071533
198	11	-140.883789
200	11	-159.152832
202	11	-172.944092
204	11	-175.454102
206	11	-160.662109
208	11	-124.746704
210	11	-66.537231
212	11	12.549805
214	11	109.399292
216	11	220.124024
218	11	340.151245
220	11	463.933349
222	11	585.106933
224	11	697.293702
226	11	794.977325
228	11	874.04898
230	11	932.046925
232	11	967.756714
234	11	980.961701
236	11	972.793213
238	11	945.739845
240	11	903.176582
242	11	848.669068
244	11	785.940979
246	11	718.206482
248	11	647.146118
250	11	572.529297
252	11	491.884399
254	11	402.013672
256	11	301.13794
258	11	189.895019
260	11	70.935547
262	11	-52.344727
264	11	-177.053955
266	11	-301.386962
268	11	-424.263672
270	11	-544.632568
272	11	-660.48584
274	11	-768.187256
276	11	-863.289551
278	11	-942.295166
280	11	-1003.707519
282	11	-1047.472535
284	11	-1073.338867
286	11	-1079.293579
288	11	-1060.521728
290	11	-1008.797729
292	11	-913.287171
294	11	-768.119019
296	11	-590.135071
298	11	-432.651306
300	11	-347.727784
302	11	-334.022522
304	11	-349.15979
306	11	-359.334717
308	11	-353.636536
310	11	-336.93219
312	11	-310.877564
314	11	-274.307373
316	11	-232.864563
318	11	-187.175354
320	11	-151.89566
322	11	-122.941009
324	11	-99.568512
326	11	-81.292831
328	11	-63.133568
330	11	-43.870322
332	11	-24.613365
334	11	-11.578276
336	11	-4.48625
338	11	1.875007
340	11	9.01894
342	11	9.919388
0	12	2.35862
2	12	-1.860992
4	12	-2.887909
6	12	-7.602356
8	12	-11.875763
10	12	-14.67334
12	12	-15.356659
14	12	-13.871398
16	12	-13.750549
18	12	-18.455932
20	12	-26.327515
22	12	-35.557251
24	12	-44.800354
26	12	-54.440063
28	12	-62.783447
30	12	-68.550293
32	12	-72.494812
34	12	-75.429688
36	12	-76.862732
38	12	-77.463928
40	12	-77.824523
42	12	-78.424317
44	12	-78.675049
46	12	-77.973847
48	12	-74.409546
50	12	-69.204467
52	12	-64.626373
54	12	-62.662628
56	12	-61.214813
58	12	-59.645417
60	12	-57.181503
62	12	-53.992569
64	12	-52.709213
66	12	-53.345489
68	12	-53.815499
70	12	-51.638737
72	12	-45.776089
74	12	-37.393959
76	12	-29.161388
78	12	-21.399799
80	12	-14.089363
82	12	-6.455803
84	12	1.459884
86	12	10.124023
88	12	19.187142
90	12	29.902252
92	12	38.390197
94	12	40.819717
96	12	41.230469
98	12	44.646087
100	12	52.774414
102	12	62.839386
104	12	71.651123
106	12	81.11438
108	12	90.956909
110	12	99.813843
112	12	105.936309
114	12	109.043427
116	12	111.637818
118	12	117.625396
120	12	126.092957
122	12	136.29483
124	12	142.299774
126	12	141.057312
128	12	133.526428
130	12	117.705749
132	12	98.909363
134	12	77.872619
136	12	57.400147
138	12	41.500854
140	12	24.983826
142	12	4.934478
144	12	-19.958648
146	12	-53.117675
148	12	-97.628647
150	12	-137.633331
152	12	-154.931996
154	12	-141.254772
156	12	-108.724605
158	12	-70.572922
160	12	-31.792778
162	12	1.779121
164	12	30.981026
166	12	57.197159
168	12	83.510468
170	12	105.956848
172	12	123.203064
174	12	134.876954
176	12	141.420471
178	12	140.654175
180	12	129.692871
182	12	104.932129
184	12	66.158448
186	12	18.428711
188	12	-28.715088
190	12	-68.332031
192	12	-99.244385
194	12	-124.310059
196	12	-147.104004
198	12	-169.237793
200	12	-189.62915
202	12	-204.560058
204	12	-208.811524
206	12	-197.311035
208	12	-166.251343
210	12	-113.729492
212	12	-40.269775
214	12	51.678344
216	12	158.555786
218	12	275.893433
220	12	398.282715
222	12	519.579467
224	12	633.471436
226	12	734.25888
228	12	817.513993
230	12	880.659966
232	12	922.655563
234	12	943.441162
236	12	944.169677
238	12	927.151649
240	12	895.331986
242	12	851.952759
244	12	800.29834
246	12	743.203491
248	12	682.216797
250	12	616.935791
252	12	544.727417
254	12	462.13208
256	12	367.135742
258	12	260.381348
260	12	144.925293
262	12	24.46997
264	12	-98.455322
266	12	-222.77002
268	12	-347.931396
270	12	-473.310303
272	12	-597.301757
274	12	-716.645019
276	12	-826.823242
278	12	-923.152588
280	12	-1002.213378
282	12	-1062.575195
284	12	-1103.407959
286	12	-1121.861328
288	12	-1111.150269
290	12	-1059.922241
292	12	-955.898193
294	12	-799.413269
296	12	-619.536316
298	12	-472.519409
300	12	-403.674499
302	12	-396.283691
304	12	-390.650879
306	12	-370.531738
308	12	-352.388672
310	12	-327.055053
312	12	-294.993164
314	12	-257.36438
316	12	-210.472351
318	12	-170.906433
320	12	-140.432403
322	12	-115.20694
324	12	-96.189758
326	12	-80.631851
328	12	-64.556515
330	12	-45.596464
332	12	-26.476624
334	12	-12.810181
336	12	-4.801361
338	12	2.246838
340	12	8.639119
342	12	7.862752
0	13	1.063408
2	13	-4.555725
4	13	-7.091385
6	13	-13.111542
8	13	-18.409393
10	13	-23.274017
12	13	-26.3078
14	13	-26.653046
16	13	-25.763763
18	13	-27.506439
20	13	-33.025086
22	13	-41.771545
24	13	-51.264496
26	13	-60.549683
28	13	-66.999572
30	13	-70.427765
32	13	-72.191559
34	13	-73.484955
36	13	-74.657288
38	13	-75.463714
40	13	-76.317352
42	13	-76.986755
44	13	-77.22641
46	13	-76.934265
48	13	-73.861206
50	13	-69.307556
52	13	-65.428528
54	13	-63.642945
56	13	-62.001648
58	13	-60.381775
60	13	-57.95665
62	13	-54.769257
64	13	-52.357895
66	13	-50.163452
68	13	-47.837219
70	13	-44.96056
72	13	-40.453476
74	13	-34.155712
76	13	-27.321525
78	13	-20.935382
80	13	-14.673458
82	13	-7.267326
84	13	0.736992
86	13	7.038048
88	13	13.638649
90	13	23.013458
92	13	29.755539
94	13	32.120025
96	13	33.47168
98	13	37.227784
100	13	45.11087
102	13	55.222229
104	13	64.862793
106	13	74.246399
108	13	83.727692
110	13	90.673127
112	13	93.042542
114	13	93.278534
116	13	94.266815
118	13	100.7323
120	13	110.370483
122	13	118.110505
124	13	121.049256
126	13	117.518433
128	13	106.877746
130	13	91.44165
132	13	74.395508
134	13	53.873596
136	13	32.395569
138	13	16.815338
140	13	1.968811
142	13	-14.405914
144	13	-38.070282
146	13	-69.747864
148	13	-106.775071
150	13	-133.870727
152	13	-128.104438
154	13	-102.794212
156	13	-70.402649
158	13	-40.790543
160	13	-16.758621
162	13	6.422538
164	13	29.192642
166	13	54.720001
168	13	77.910553
170	13	96.654419
172	13	109.05426
174	13	118.795044
176	13	125.854797
178	13	128.378845
180	13	121.314819
182	13	100.658447
184	13	66.988647
186	13	22.625855
188	13	-24.967896
190	13	-67.546387
192	13	-102.263427
194	13	-130.960449
196	13	-156.249268
198	13	-179.262085
200	13	-199.488281
202	13	-214.500122
204	13	-220.589843
206	13	-213.162353
208	13	-187.84607
210	13	-141.846314
212	13	-74.984986
214	13	10.695313
216	13	111.810425
218	13	223.951294
220	13	341.840088
222	13	459.608887
224	13	571.095886
226	13	670.591583
228	13	753.634628
230	13	817.780515
232	13	862.300323
234	13	887.470307
236	13	894.443893
238	13	885.250532
240	13	862.443786
242	13	828.703583
244	13	786.683044
246	13	738.856141
248	13	686.494751
250	13	628.866089
252	13	563.098267
254	13	485.587891
256	13	394.467529
258	13	290.870605
260	13	178.551025
262	13	61.616455
264	13	-57.749756
266	13	-179.173584
268	13	-302.498779
270	13	-426.979248
272	13	-551.339356
274	13	-673.580078
276	13	-790.24121
278	13	-896.444092
280	13	-987.768067
282	13	-1061.634277
284	13	-1115.588867
286	13	-1144.451905
288	13	-1139.243652
290	13	-1087.694458
292	13	-978.860596
294	13	-815.778198
296	13	-637.481324
298	13	-509.289063
300	13	-449.828369
302	13	-415.918823
304	13	-392.074463
306	13	-374.737061
308	13	-338.163086
310	13	-303.189575
312	13	-267.783997
314	13	-231.304078
316	13	-196.690857
318	13	-164.316864
320	13	-134.075195
322	13	-110.897125
324	13	-94.148545
326	13	-78.667526
328	13	-61.932009
330	13	-44.19277
332	13	-27.069435
334	13	-13.647629
336	13	-5.06381
338	13	1.943053
340	13	6.866915
342	13	5.525983
0	14	1.136353
2	14	-5.465561
4	14	-9.942413
6	14	-17.91214
8	14	-25.269379
10	14	-32.050446
12	14	-37.239472
14	14	-39.71994
16	14	-39.590363
18	14	-40.988098
20	14	-45.649567
22	14	-52.315216
24	14	-59.954712
26	14	-68.030517
28	14	-73.045807
30	14	-75.137604
32	14	-75.558563
34	14	-75.255493
36	14	-74.451691
38	14	-73.953491
40	14	-74.882568
42	14	-76.236847
44	14	-77.861511
46	14	-79.27182
48	14	-77.698181
50	14	-73.801209
52	14	-69.765259
54	14	-66.820984
56	14	-64.70816
58	14	-63.053467
60	14	-60.381912
62	14	-56.642669
64	14	-52.735459
66	14	-48.698303
68	14	-44.461425
70	14	-39.89951
72	14	-34.914528
74	14	-29.315709
76	14	-23.522926
78	14	-17.906478
80	14	-11.798866
82	14	-4.89154
84	14	1.993873
86	14	6.793609
88	14	10.893334
90	14	17.278763
92	14	23.473678
94	14	24.438538
96	14	22.863068
98	14	23.654175
100	14	29.784653
102	14	41.271149
104	14	54.608429
106	14	66.428619
108	14	74.983978
110	14	79.40622
112	14	82.755646
114	14	84.332367
116	14	85.293702
118	14	89.215973
120	14	94.906463
122	14	99.689239
124	14	102.823456
126	14	99.009216
128	14	88.278046
130	14	72.726319
132	14	54.666839
134	14	34.238494
136	14	14.88269
138	14	0.266174
140	14	-12.464691
142	14	-26.172515
144	14	-46.031952
146	14	-73.442474
148	14	-99.260193
150	14	-109.072842
152	14	-90.336347
154	14	-60.565331
156	14	-30.249679
158	14	-6.426865
160	14	6.935761
162	14	15.064094
164	14	27.736352
166	14	48.126884
168	14	72.30867
170	14	88.673798
172	14	98.275421
174	14	105.228088
176	14	109.986389
178	14	110.398559
180	14	105.478271
182	14	91.015137
184	14	63.587036
186	14	24.416138
188	14	-21.374267
190	14	-64.914184
192	14	-100.703125
194	14	-129.114747
196	14	-152.952881
198	14	-174.296143
200	14	-193.544555
202	14	-209.113892
204	14	-217.775634
206	14	-214.852173
208	14	-195.461792
210	14	-156.157349
212	14	-96.239624
214	14	-17.44458
216	14	77.046386
218	14	183.021362
220	14	295.470947
222	14	408.735901
224	14	516.492553
226	14	612.900574
228	14	693.667862
230	14	756.425492
232	14	800.511429
234	14	826.353852
236	14	835.082931
238	14	828.962812
240	14	810.625137
242	14	782.598877
244	14	747.266235
246	14	707.010437
248	14	662.804077
250	14	613.072021
252	14	554.430908
254	14	483.364014
256	14	398.403077
258	14	300.932373
260	14	194.994629
262	14	84.894043
264	14	-27.290039
266	14	-141.845459
268	14	-259.691406
270	14	-380.59668
272	14	-503.307861
274	14	-626.152588
276	14	-746.475097
278	14	-860.161133
280	14	-961.915039
282	14	-1046.102783
284	14	-1107.165283
286	14	-1138.685791
288	14	-1131.422852
290	14	-1072.723999
292	14	-955.029174
294	14	-795.998901
296	14	-641.355102
298	14	-524.301757
300	14	-449.021118
302	14	-412.780518
304	14	-380.049439
306	14	-337.599244
308	14	-297.647339
310	14	-268.81958
312	14	-243.909363
314	14	-218.601563
316	14	-187.677491
318	14	-153.05835
320	14	-124.298248
322	14	-104.095093
324	14	-88.761414
326	14	-73.418533
328	14	-57.497933
330	14	-41.392559
332	14	-26.659809
334	14	-14.825996
336	14	-6.418156
338	14	0.640483
340	14	4.886689
342	14	3.320449
0	15	1.449623
2	15	-5.778915
4	15	-12.178054
6	15	-22.345948
8	15	-31.605164
10	15	-39.615326
12	15	-46.323548
14	15	-50.81485
16	15	-53.029083
18	15	-55.634094
20	15	-59.594666
22	15	-63.854065
24	15	-68.379578
26	15	-73.630401
28	15	-77.640351
30	15	-79.689698
32	15	-79.60553
34	15	-78.652253
36	15	-76.291656
38	15	-74.274902
40	15	-73.674683
42	15	-74.637482
44	15	-77.263061
46	15	-80.25882
48	15	-79.870788
50	15	-76.363251
52	15	-72.60617
54	15	-70.210755
56	15	-68.235855
58	15	-65.44603
60	15	-62.525544
62	15	-58.803849
64	15	-55.072563
66	15	-51.104027
68	15	-46.385811
70	15	-40.794224
72	15	-34.868835
74	15	-29.490989
76	15	-24.543731
78	15	-19.229133
80	15	-12.952434
82	15	-5.856449
84	15	1.011208
86	15	5.728431
88	15	9.312301
90	15	15.20739
92	15	21.553802
94	15	23.129486
96	15	21.420028
98	15	21.688613
100	15	27.721542
102	15	39.600312
104	15	52.410003
106	15	61.463364
108	15	67.224456
110	15	71.325134
112	15	75.604767
114	15	77.782715
116	15	77.85672
118	15	79.482605
120	15	81.911072
122	15	84.045166
124	15	84.412109
126	15	79.766755
128	15	69.19339
130	15	54.991455
132	15	38.082702
134	15	18.574798
136	15	2.194427
138	15	-11.342804
140	15	-22.007873
142	15	-34.979218
144	15	-50.410278
146	15	-72.350937
148	15	-87.602138
150	15	-86.170208
152	15	-59.425319
154	15	-24.602082
156	15	0.449447
158	15	15.54422
160	15	22.942108
162	15	27.881164
164	15	37.249351
166	15	51.965428
168	15	67.834075
170	15	84.137848
172	15	92.308472
174	15	92.527527
176	15	91.882202
178	15	92.055176
180	15	88.030395
182	15	72.868652
184	15	52.340943
186	15	20.963989
188	15	-18.21582
190	15	-59.219239
192	15	-93.604615
194	15	-120.033325
196	15	-140.979004
198	15	-159.656739
200	15	-177.133789
202	15	-192.625244
204	15	-203.354736
206	15	-204.606201
208	15	-191.078369
210	15	-158.695923
212	15	-106.261963
214	15	-35.189086
216	15	51.541871
218	15	149.842651
220	15	254.979553
222	15	361.472168
224	15	463.068726
226	15	554.03952
228	15	630.753189
230	15	691.680877
232	15	735.461898
234	15	761.806366
236	15	771.040588
238	15	765.649765
240	15	748.445419
242	15	722.639526
244	15	690.844116
246	15	655.592285
248	15	618.878173
250	15	579.080322
252	15	531.480713
254	15	471.50647
256	15	397.622315
258	15	311.033448
260	15	215.365966
262	15	114.571534
264	15	10.910156
266	15	-95.994629
268	15	-207.859131
270	15	-325.003907
272	15	-445.26416
274	15	-564.732178
276	15	-679.362305
278	15	-785.654297
280	15	-879.979004
282	15	-958.429444
284	15	-1016.690185
286	15	-1048.667236
288	15	-1045.347901
290	15	-996.869141
292	15	-900.774292
294	15	-768.046631
296	15	-624.733765
298	15	-510.724732
300	15	-441.749511
302	15	-379.888794
304	15	-326.464721
306	15	-288.398437
308	15	-262.27356
310	15	-246.781311
312	15	-227.922974
314	15	-201.927612
316	15	-169.480407
318	15	-138.197601
320	15	-114.711456
322	15	-98.249801
324	15	-85.456436
326	15	-71.378135
328	15	-56.239859
330	15	-40.609861
332	15	-27.079979
334	15	-16.058689
336	15	-7.881571
338	15	-1.087203
340	15	2.675476
342	15	1.376404
0	16	1.390579
2	16	-5.743149
4	16	-13.791184
6	16	-25.488281
8	16	-35.953064
10	16	-45.535035
12	16	-54.216828
14	16	-60.123261
16	16	-63.764953
18	16	-66.699981
20	16	-70.599762
22	16	-74.911957
24	16	-78.638855
26	16	-81.762787
28	16	-83.159943
30	16	-83.416748
32	16	-82.552856
34	16	-81.47345
36	16	-78.811615
38	16	-75.993897
40	16	-73.475495
42	16	-72.954987
44	16	-75.454224
46	16	-79.235352
48	16	-80.174438
50	16	-77.506378
52	16	-73.727539
54	16	-71.933716
56	16	-69.61322
58	16	-65.466767
60	16	-61.493073
62	16	-57.242965
64	16	-53.290481
66	16	-49.299377
68	16	-44.234658
70	16	-37.901726
72	16	-31.471112
74	16	-26.46154
76	16	-21.99321
78	16	-17.655418
80	16	-11.831616
82	16	-4.379986
84	16	2.501793
86	16	7.457772
88	16	11.739341
90	16	17.038361
92	16	22.399002
94	16	23.913162
96	16	22.139282
98	16	21.389771
100	16	25.91127
102	16	35.20842
104	16	44.929718
106	16	51.07988
108	16	54.516449
110	16	57.441101
112	16	60.450562
114	16	61.869294
116	16	62.658081
118	16	64.351471
120	16	65.49289
122	16	65.583129
124	16	64.338867
126	16	59.481384
128	16	49.231964
130	16	35.195648
132	16	19.847015
134	16	3.963868
136	16	-9.511139
138	16	-21.131836
140	16	-29.83374
142	16	-40.59375
144	16	-52.82927
146	16	-66.14949
148	16	-68.939092
150	16	-57.497512
152	16	-26.39418
154	16	10.502365
156	16	31.906021
158	16	39.246643
160	16	39.25087
162	16	39.3022
164	16	42.922363
166	16	51.159048
168	16	57.155121
170	16	67.226364
172	16	76.427399
174	16	76.782898
176	16	73.107238
178	16	74.134521
180	16	71.983582
182	16	58.699829
184	16	37.818847
186	16	8.814697
188	16	-23.275879
190	16	-57.206543
192	16	-85.805298
194	16	-108.144043
196	16	-125.011719
198	16	-140.135376
200	16	-155.683593
202	16	-170.361451
204	16	-181.407105
206	16	-183.979493
208	16	-173.283691
210	16	-145.849731
212	16	-100.416382
214	16	-37.848755
216	16	39.394288
218	16	127.4599
220	16	221.920532
222	16	317.864746
224	16	409.819794
226	16	493.300934
228	16	564.972741
230	16	622.163902
232	16	664.234939
234	16	690.953431
236	16	702.486175
238	16	700.898147
240	16	687.992524
242	16	665.783692
244	16	636.559082
246	16	602.660157
248	16	568.983765
250	16	536.417969
252	16	499.230591
254	16	451.220459
256	16	391.158936
258	16	317.86914
260	16	233.1875
262	16	140.690429
264	16	43.340332
266	16	-57.725341
268	16	-162.265137
270	16	-269.703614
272	16	-378.191651
274	16	-484.342529
276	16	-584.209961
278	16	-674.489258
280	16	-753.344238
282	16	-820.712403
284	16	-876.485352
286	16	-916.121094
288	16	-929.395508
290	16	-900.188965
292	16	-816.143555
294	16	-694.020752
296	16	-576.200684
298	16	-484.59497
300	16	-394.302735
302	16	-324.642822
304	16	-290.213256
306	16	-266.156616
308	16	-245.241577
310	16	-224.438415
312	16	-201.964783
314	16	-179.344238
316	16	-154.264251
318	16	-129.487915
320	16	-108.481751
322	16	-93.720673
324	16	-82.432861
326	16	-70.210579
328	16	-56.218247
330	16	-41.164621
332	16	-28.241261
334	16	-16.905857
336	16	-8.926366
338	16	-2.782267
340	16	0.196656
342	16	-0.402163
0	17	0.503296
2	17	-6.683388
4	17	-15.477066
6	17	-26.835816
8	17	-37.566071
10	17	-48.796601
12	17	-60.086365
14	17	-68.826721
16	17	-73.633392
18	17	-76.095092
20	17	-78.725189
22	17	-82.193237
24	17	-85.375946
26	17	-87.549957
28	17	-87.718109
30	17	-86.491242
32	17	-84.059143
34	17	-82.105103
36	17	-79.092865
38	17	-75.365051
40	17	-71.455078
42	17	-70.135833
44	17	-72.198425
46	17	-75.644958
48	17	-77.14325
50	17	-75.557769
52	17	-72.675293
54	17	-70.595489
56	17	-66.385056
58	17	-60.439026
60	17	-55.448608
62	17	-51.356705
64	17	-47.711319
66	17	-43.744194
68	17	-38.619179
70	17	-32.897201
72	17	-27.540466
74	17	-23.224739
76	17	-19.643563
78	17	-15.6669
80	17	-10.176902
82	17	-3.315425
84	17	3.278999
86	17	8.348664
88	17	12.297966
90	17	16.052323
92	17	20.237442
94	17	22.129166
96	17	21.070892
98	17	20.128509
100	17	23.601608
102	17	30.529342
104	17	36.835526
106	17	40.895981
108	17	43.233795
110	17	45.320877
112	17	47.125702
114	17	47.752045
116	17	48.205871
118	17	48.855927
120	17	48.75177
122	17	47.904113
124	17	46.954254
126	17	44.372925
128	17	37.136994
130	17	25.620301
132	17	14.540863
134	17	1.301788
136	17	-10.766419
138	17	-21.058746
140	17	-28.291504
142	17	-36.789474
144	17	-43.525726
146	17	-46.989265
148	17	-42.556318
150	17	-30.968223
152	17	-6.610458
154	17	20.419189
156	17	38.340393
158	17	44.588531
160	17	44.424759
162	17	45.469543
164	17	48.339416
166	17	49.503473
168	17	48.523415
170	17	50.585006
172	17	54.803284
174	17	56.586884
176	17	56.098938
178	17	57.528137
180	17	54.315979
182	17	46.521851
184	17	27.216064
186	17	0.210449
188	17	-27.133423
190	17	-56.321533
192	17	-83.414917
194	17	-103.875977
196	17	-117.021728
198	17	-125.668823
200	17	-135.034546
202	17	-145.745727
204	17	-153.362793
206	17	-154.15503
208	17	-143.375976
210	17	-118.138794
212	17	-78.001343
214	17	-24.094604
216	17	41.273803
218	17	115.823364
220	17	196.54126
222	17	279.533813
224	17	360.594269
226	17	434.798797
228	17	499.620835
230	17	551.943711
232	17	590.088547
234	17	614.410278
236	17	626.972199
238	17	629.291848
240	17	621.692672
242	17	606.354859
244	17	583.311951
246	17	555.281067
248	17	523.307617
250	17	489.482788
252	17	454.706055
254	17	414.7406
256	17	366.33313
258	17	306.309449
260	17	234.347901
262	17	154.507812
264	17	71.244141
266	17	-12.886962
268	17	-97.429444
270	17	-183.188476
272	17	-270.189209
274	17	-356.623047
276	17	-439.814209
278	17	-518.090088
280	17	-590.517334
282	17	-656.582275
284	17	-716.166748
286	17	-761.06958
288	17	-775.158204
290	17	-748.924316
292	17	-689.066406
294	17	-608.371094
296	17	-517.266602
298	17	-423.307617
300	17	-346.299439
302	17	-300.932251
304	17	-266.758423
306	17	-238.046753
308	17	-219.258911
310	17	-202.085937
312	17	-183.737549
314	17	-164.601929
316	17	-143.449768
318	17	-121.278046
320	17	-101.886169
322	17	-88.480332
324	17	-78.485595
326	17	-67.919658
328	17	-55.689407
330	17	-41.817297
332	17	-29.388389
334	17	-18.108231
336	17	-10.432625
338	17	-5.320676
340	17	-2.806092
342	17	-2.237392
0	18	-1.139084
2	18	-8.695267
4	18	-17.26033
6	18	-27.927582
8	18	-38.575409
10	18	-50.40274
12	18	-63.064453
14	18	-73.947571
16	18	-80.915283
18	18	-84.622772
20	18	-87.812073
22	18	-91.098144
24	18	-93.382049
26	18	-93.982879
28	18	-93.629516
30	18	-92.153411
32	18	-88.110046
34	18	-84.737458
36	18	-82.024201
38	18	-78.484131
40	18	-74.781677
42	18	-72.746613
44	18	-72.594116
46	18	-73.537689
48	18	-75.071991
50	18	-74.778015
52	18	-73.240173
54	18	-71.511703
56	18	-68.093979
58	18	-63.442887
60	18	-59.109085
62	18	-55.248062
64	18	-51.945259
66	18	-47.756859
68	18	-42.251824
70	18	-36.215988
72	18	-30.729244
74	18	-26.923165
76	18	-24.11742
78	18	-21.133934
80	18	-16.797833
82	18	-10.823276
84	18	-4.253166
86	18	1.560425
88	18	5.983589
90	18	9.224274
92	18	12.144859
94	18	13.61673
96	18	13.736786
98	18	14.193512
100	18	17.825714
102	18	23.548035
104	18	28.628678
106	18	32.501266
108	18	35.099091
110	18	36.87767
112	18	37.831909
114	18	38.692581
116	18	39.805909
118	18	41.102722
120	18	41.36258
122	18	40.964783
124	18	40.648224
126	18	38.334778
128	18	31.610108
130	18	20.401673
132	18	9.18689
134	18	-3.041291
136	18	-12.544587
138	18	-20.4487
140	18	-28.352661
142	18	-36.311326
144	18	-39.998924
146	18	-38.333007
148	18	-29.588993
150	18	-13.522224
152	18	5.158295
154	18	23.294784
156	18	38.30008
158	18	43.108642
160	18	41.461212
162	18	39.460068
164	18	41.712937
166	18	43.893278
168	18	43.842548
170	18	41.29184
172	18	42.00824
174	18	42.36319
176	18	40.290893
178	18	41.282104
180	18	42.476563
182	18	35.616699
184	18	15.747559
186	18	-4.212158
188	18	-24.410278
190	18	-52.992309
192	18	-79.706543
194	18	-97.732666
196	18	-109.703857
198	18	-118.164917
200	18	-123.452392
202	18	-126.116578
204	18	-125.620117
206	18	-117.647949
208	18	-101.360962
210	18	-75.960938
212	18	-40.926392
214	18	2.789368
216	18	54.976318
218	18	115.079896
220	18	181.109863
222	18	249.984436
224	18	316.816559
226	18	378.9281
228	18	432.430007
230	18	476.180381
232	18	509.799469
234	18	532.872986
236	18	546.275286
238	18	549.558548
240	18	546.603302
242	18	538.654449
244	18	526.757995
246	18	509.174439
248	18	486.572998
250	18	460.007203
252	18	431.864502
254	18	403.222046
256	18	369.348511
258	18	325.950806
260	18	269.415527
262	18	203.862549
264	18	135.901611
266	18	69.157714
268	18	2.696777
270	18	-65.583984
272	18	-136.52832
274	18	-210.246094
276	18	-287.601318
278	18	-367.074707
280	18	-442.150147
282	18	-508.252686
284	18	-563.235839
286	18	-605.77417
288	18	-629.816162
290	18	-624.591552
292	18	-588.439209
294	18	-524.348877
296	18	-450.690185
298	18	-378.844848
300	18	-316.15747
302	18	-264.207763
304	18	-231.416504
306	18	-213.876587
308	18	-202.614868
310	18	-188.996887
312	18	-172.057617
314	18	-153.891845
316	18	-133.579865
318	18	-112.545563
320	18	-94.335221
322	18	-81.912018
324	18	-73.185707
326	18	-64.646653
328	18	-54.987701
330	18	-43.186332
332	18	-31.722477
334	18	-20.774253
336	18	-13.173878
338	18	-8.056732
340	18	-5.534708
342	18	-3.739069
0	19	-3.162902
2	19	-11.129929
4	19	-19.013031
6	19	-28.046387
8	19	-38.09024
10	19	-50.508545
12	19	-63.861115
14	19	-75.664002
16	19	-84.884765
18	19	-91.488464
20	19	-96.716278
22	19	-100.995544
24	19	-103.749451
26	19	-104.197327
28	19	-104.258942
30	19	-103.293
32	19	-98.93518
34	19	-94.849854
36	19	-91.203643
38	19	-87.626587
40	19	-83.72699
42	19	-80.77536
44	19	-78.952912
46	19	-78.340942
48	19	-78.558655
50	19	-77.477829
52	19	-74.692994
54	19	-70.951569
56	19	-67.126114
58	19	-63.91362
60	19	-61.420059
62	19	-58.581772
64	19	-54.617295
66	19	-49.241638
68	19	-43.033775
70	19	-36.361584
72	19	-30.42746
74	19	-26.68663
76	19	-24.464946
78	19	-22.340195
80	19	-18.969349
82	19	-14.3797
84	19	-8.876274
86	19	-3.525124
88	19	0.94059
90	19	4.238213
92	19	6.048478
94	19	5.033172
96	19	2.569824
98	19	1.425125
100	19	4.380127
102	19	10.091095
104	19	16.386384
106	19	21.716706
108	19	25.276719
110	19	27.185623
112	19	28.065049
114	19	29.093689
116	19	30.210495
118	19	30.748825
120	19	29.980377
122	19	28.501282
124	19	27.203003
126	19	22.622956
128	19	15.085266
130	19	5.072235
132	19	-4.59964
134	19	-13.120331
136	19	-20.108276
138	19	-26.785324
140	19	-33.388321
142	19	-38.926781
144	19	-38.635689
146	19	-32.558037
148	19	-20.463291
150	19	-1.071762
152	19	18.868225
154	19	34.60141
156	19	45.643036
158	19	51.402832
160	19	50.532929
162	19	48.173874
164	19	47.420929
166	19	46.89888
168	19	46.319107
170	19	46.260582
172	19	44.813736
174	19	39.678498
176	19	33.159455
178	19	31.376282
180	19	22.885987
182	19	15.058594
184	19	7.647705
186	19	-7.790649
188	19	-31.284424
190	19	-60.504516
192	19	-85.192871
194	19	-103.381958
196	19	-113.992554
198	19	-117.852295
200	19	-115.966918
202	19	-109.527466
204	19	-100.612916
206	19	-90.499756
208	19	-75.863892
210	19	-53.2901
212	19	-20.440857
214	19	22.334229
216	19	72.366821
218	19	126.492127
220	19	183.613586
222	19	241.112183
224	19	296.210389
226	19	345.950089
228	19	388.411079
230	19	422.918899
232	19	449.295074
234	19	467.653999
236	19	479.279176
238	19	485.507477
240	19	487.613922
242	19	486.123993
244	19	481.309021
246	19	472.800842
248	19	458.378235
250	19	437.823975
252	19	414.322144
254	19	394.246704
256	19	377.296753
258	19	356.706909
260	19	325.409668
262	19	280.375
264	19	224.203125
266	19	163.167481
268	19	103.930909
270	19	45.243408
272	19	-17.439697
274	19	-86.504151
276	19	-164.84668
278	19	-250.362305
280	19	-333.858154
282	19	-405.256592
284	19	-459.060546
286	19	-498.775146
288	19	-523.131592
290	19	-526.087891
292	19	-508.291015
294	19	-469.552735
296	19	-407.876221
298	19	-333.921387
300	19	-272.755737
302	19	-234.782104
304	19	-210.971436
306	19	-196.958984
308	19	-187.603638
310	19	-175.48468
312	19	-160.329285
314	19	-143.648377
316	19	-124.184631
318	19	-104.072602
320	19	-87.309403
322	19	-76.208496
324	19	-68.985001
326	19	-62.40633
328	19	-54.780367
330	19	-44.380121
332	19	-33.159885
334	19	-22.336544
336	19	-15.121956
338	19	-10.053666
340	19	-7.2787
342	19	-4.603123
0	20	-5.937683
2	20	-13.727142
4	20	-18.996933
6	20	-28.093292
8	20	-38.829452
10	20	-51.834442
12	20	-65.802582
14	20	-78.144256
16	20	-87.971679
18	20	-95.731048
20	20	-102.395569
22	20	-108.217438
24	20	-112.554657
26	20	-114.39737
28	20	-114.577636
30	20	-113.253998
32	20	-108.178162
34	20	-102.353821
36	20	-97.591369
38	20	-92.455383
40	20	-86.629455
42	20	-81.17392
44	20	-77.103974
46	20	-75.923248
48	20	-75.395691
50	20	-74.000962
52	20	-70.7874
54	20	-65.357498
56	20	-59.42186
58	20	-54.599884
60	20	-50.966576
62	20	-47.425628
64	20	-43.633377
66	20	-39.294678
68	20	-34.838036
70	20	-29.978637
72	20	-25.611549
74	20	-22.791317
76	20	-21.223318
78	20	-19.753917
80	20	-17.360204
82	20	-13.888809
84	20	-9.098007
86	20	-4.035759
88	20	-0.035248
90	20	2.658555
92	20	3.602944
94	20	1.439431
96	20	-2.340805
98	20	-4.434494
100	20	-2.070663
102	20	3.359207
104	20	9.509552
106	20	15.07811
108	20	19.164474
110	20	21.472275
112	20	22.76149
114	20	23.749618
116	20	24.421264
118	20	23.70137
120	20	20.963898
122	20	17.471939
124	20	16.214233
126	20	12.546173
128	20	6.996826
130	20	-0.895874
132	20	-8.377991
134	20	-13.057175
136	20	-15.59964
138	20	-17.499435
140	20	-22.033752
142	20	-27.360787
144	20	-27.498266
146	20	-20.645449
148	20	-6.817108
150	20	12.035126
152	20	29.930099
154	20	42.825531
156	20	50.675202
158	20	53.759247
160	20	54.826813
162	20	55.355179
164	20	55.03949
166	20	53.154999
168	20	51.622395
170	20	51.295555
172	20	52.059646
174	20	48.802963
176	20	39.243805
178	20	26.843048
180	20	6.770203
182	20	0.215088
184	20	-2.495666
186	20	-19.93982
188	20	-38.289306
190	20	-57.582519
192	20	-78.602539
194	20	-93.506103
196	20	-101.809814
198	20	-106.489013
200	20	-105.937988
202	20	-98.947998
204	20	-86.058838
206	20	-68.386231
208	20	-46.158081
210	20	-19.912415
212	20	10.289672
214	20	44.990844
216	20	83.507629
218	20	125.070984
220	20	169.346985
222	20	216.150086
224	20	262.942901
226	20	307.932358
228	20	348.334999
230	20	380.871589
232	20	402.722519
234	20	414.104164
236	20	418.821285
238	20	420.578583
240	20	419.524688
242	20	415.793274
244	20	410.258972
246	20	403.325561
248	20	395.378662
250	20	388.758301
252	20	385.699463
254	20	386.501098
256	20	386.731934
258	20	378.65857
260	20	357.429932
262	20	326.735596
264	20	293.821533
266	20	255.753418
268	20	208.61206
270	20	146.161622
272	20	67.983155
274	20	-19.480469
276	20	-108.543457
278	20	-187.888916
280	20	-260.294678
282	20	-322.34668
284	20	-372.461426
286	20	-413.728272
288	20	-444.493408
290	20	-458.979737
292	20	-447.681641
294	20	-406.75
296	20	-346.376098
298	20	-290.948609
300	20	-249.440795
302	20	-216.670655
304	20	-195.690369
306	20	-182.830749
308	20	-172.016968
310	20	-158.84668
312	20	-144.354736
314	20	-128.941894
316	20	-111.638763
318	20	-94.394592
320	20	-80.089249
322	20	-70.786606
324	20	-64.922363
326	20	-59.53724
328	20	-53.227901
330	20	-44.171443
332	20	-33.864552
334	20	-23.70375
336	20	-16.669731
338	20	-11.524147
340	20	-8.405185
342	20	-5.171227
0	21	-7.080086
2	21	-14.169365
4	21	-18.896728
6	21	-29.036835
8	21	-40.125382
10	21	-52.536713
12	21	-66.117035
14	21	-79.512115
16	21	-91.302642
18	21	-100.913391
20	21	-108.81723
22	21	-114.843719
24	21	-118.448181
26	21	-118.621552
28	21	-116.987335
30	21	-114.202484
32	21	-108.974579
34	21	-102.942505
36	21	-96.683655
38	21	-89.854279
40	21	-82.063202
42	21	-74.848358
44	21	-70.337554
46	21	-68.907517
48	21	-67.902542
50	21	-65.993881
52	21	-62.827362
54	21	-57.991928
56	21	-52.292771
58	21	-47.567505
60	21	-43.58638
62	21	-39.748924
64	21	-36.518776
66	21	-33.75832
68	21	-31.090671
70	21	-28.025997
72	21	-24.771484
74	21	-22.306973
76	21	-20.744306
78	21	-19.495727
80	21	-17.963838
82	21	-15.531494
84	21	-11.22073
86	21	-5.80009
88	21	-1.186867
90	21	1.777207
92	21	2.978638
94	21	1.520829
96	21	-1.211396
98	21	-2.477561
100	21	0.373856
102	21	6.109588
104	21	12.581421
106	21	18.321976
108	21	22.130157
110	21	24.085526
112	21	24.999695
114	21	25.434204
116	21	25.783173
118	21	25.811661
120	21	23.579544
122	21	19.441162
124	21	18.216843
126	21	15.437012
128	21	11.107422
130	21	5.016647
132	21	-0.654938
134	21	-3.999634
136	21	-5.290329
138	21	-5.482865
140	21	-8.64798
142	21	-13.647171
144	21	-14.024015
146	21	-7.026253
148	21	7.307892
150	21	25.285111
152	21	40.776642
154	21	50.157089
156	21	53.972596
158	21	54.204651
160	21	55.327987
162	21	56.859009
164	21	57.200546
166	21	56.749771
168	21	55.707577
170	21	54.706185
172	21	53.88372
174	21	49.570176
176	21	43.080765
178	21	36.841034
180	21	24.704529
182	21	10.445312
184	21	-8.961304
186	21	-33.335266
188	21	-50.533569
190	21	-64.610229
192	21	-77.071167
194	21	-87.988281
196	21	-97.200928
198	21	-104.904541
200	21	-107.319946
202	21	-101.813416
204	21	-85.926392
206	21	-61.493774
208	21	-32.34674
210	21	-3.178284
212	21	24.550354
214	21	52.995849
216	21	83.287353
218	21	115.131348
220	21	147.587372
222	21	180.117127
224	21	212.317993
226	21	243.666451
228	21	272.26137
230	21	298.137329
232	21	318.572899
234	21	333.263233
236	21	342.584442
238	21	346.94336
240	21	348.150788
242	21	346.849457
244	21	344.360473
246	21	342.153931
248	21	341.74884
250	21	344.64209
252	21	354.252319
254	21	367.054077
256	21	373.572632
258	21	370.438354
260	21	358.420777
262	21	335.182617
264	21	303.517334
266	21	260.027588
268	21	205.743408
270	21	142.695312
272	21	74.432617
274	21	1.06958
276	21	-70.001221
278	21	-139.38208
280	21	-203.126953
282	21	-259.474854
284	21	-308.60791
286	21	-349.875489
288	21	-378.71167
290	21	-387.356445
292	21	-373.477051
294	21	-341.676148
296	21	-301.829467
298	21	-261.306763
300	21	-225.444702
302	21	-195.661011
304	21	-177.009339
306	21	-166.299927
308	21	-156.133728
310	21	-142.656067
312	21	-128.12619
314	21	-113.35849
316	21	-98.063049
318	21	-83.922943
320	21	-72.722717
322	21	-65.748856
324	21	-61.449364
326	21	-57.153103
328	21	-51.506203
330	21	-43.214389
332	21	-33.721367
334	21	-24.480183
336	21	-18.009025
338	21	-12.937049
340	21	-9.501111
342	21	-5.799044
0	22	-6.105637
2	22	-13.705909
4	22	-19.538849
6	22	-30.020599
8	22	-40.662827
10	22	-52.336395
12	22	-65.128052
14	22	-78.064148
16	22	-89.943542
18	22	-100.271118
20	22	-109.632477
22	22	-117.567566
24	22	-122.647461
26	22	-122.914856
28	22	-120.007019
30	22	-116.109863
32	22	-109.964661
34	22	-102.480316
36	22	-94.680298
38	22	-86.443054
40	22	-77.578217
42	22	-69.936493
44	22	-65.364502
46	22	-63.673569
48	22	-62.427368
50	22	-60.525894
52	22	-57.301559
54	22	-52.937668
56	22	-48.201233
58	22	-44.15628
60	22	-40.079284
62	22	-35.63372
64	22	-31.64946
66	22	-28.292229
68	22	-25.170322
70	22	-21.87685
72	22	-18.526125
74	22	-15.844073
76	22	-14.041792
78	22	-12.831442
80	22	-11.380578
82	22	-8.865925
84	22	-4.627751
86	22	0.688984
88	22	5.360607
90	22	8.605744
92	22	9.953316
94	22	8.309823
96	22	5.030281
98	22	2.978211
100	22	4.719185
102	22	9.472175
104	22	15.465637
106	22	21.125381
108	22	24.971206
110	22	27.057831
112	22	28.26503
114	22	29.223389
116	22	30.067566
118	22	30.486191
120	22	28.029206
122	22	22.613617
124	22	20.882996
126	22	19.081284
128	22	15.768769
130	22	10.065658
132	22	4.176346
134	22	0.527237
136	22	-0.767349
138	22	-0.374268
140	22	-2.016182
142	22	-5.210186
144	22	-3.813535
146	22	4.289097
148	22	18.543296
150	22	34.761032
152	22	46.523682
154	22	52.375595
156	22	54.852173
158	22	55.120072
160	22	55.323182
162	22	55.067993
164	22	53.577179
166	22	52.531586
168	22	52.789459
170	22	53.914312
172	22	53.041298
174	22	48.437722
176	22	42.071792
178	22	37.03537
180	22	31.062988
182	22	22.981446
184	22	10.367492
186	22	-6.14093
188	22	-28.547058
190	22	-54.5271
192	22	-78.151062
194	22	-93.256591
196	22	-101.802063
198	22	-104.900085
200	22	-104.57434
202	22	-100.458069
204	22	-89.942749
206	22	-73.380249
208	22	-52.861084
210	22	-29.362305
212	22	-3.090027
214	22	24.99585
216	22	53.499817
218	22	83.474884
220	22	113.195618
222	22	141.782608
224	22	167.667892
226	22	190.596722
228	22	211.68594
230	22	231.062973
232	22	249.46907
234	22	267.417569
236	22	282.389816
238	22	292.702057
240	22	299.776916
242	22	306.184418
244	22	313.721924
246	22	322.778199
248	22	333.967651
250	22	345.840271
252	22	356.510376
254	22	364.498413
256	22	366.424438
258	22	361.381103
260	22	348.369507
262	22	326.023071
264	22	288.905762
266	22	242.739746
268	22	191.087158
270	22	136.580078
272	22	77.350342
274	22	14.342774
276	22	-49.695556
278	22	-111.38086
280	22	-165.894043
282	22	-214.391357
284	22	-257.517334
286	22	-291.789307
288	22	-312.627197
290	22	-317.811767
292	22	-308.38147
294	22	-289.921143
296	22	-262.81311
298	22	-229.975586
300	22	-199.231201
302	22	-174.966309
304	22	-159.671753
306	22	-149.965759
308	22	-140.024902
310	22	-126.855346
312	22	-113.57431
314	22	-100.913208
316	22	-88.463867
318	22	-77.035874
320	22	-67.85199
322	22	-62.149582
324	22	-58.669846
326	22	-54.833679
328	22	-49.532785
330	22	-41.998254
332	22	-33.334406
334	22	-24.917553
336	22	-19.076007
338	22	-14.333675
340	22	-10.682078
342	22	-6.469135
0	23	-4.634964
2	23	-12.655197
4	23	-19.012436
6	23	-29.497436
8	23	-39.828354
10	23	-51.192078
12	23	-63.383087
14	23	-75.610809
16	23	-86.749633
18	23	-96.324371
20	23	-105.083984
22	23	-112.589904
24	23	-117.264985
26	23	-117.091736
28	23	-113.537934
30	23	-109.089661
32	23	-102.55835
34	23	-94.702087
36	23	-86.564698
38	23	-78.363876
40	23	-70.14566
42	23	-63.2444
44	23	-58.991058
46	23	-57.225036
48	23	-55.736206
50	23	-53.486832
52	23	-49.881363
54	23	-45.293839
56	23	-40.560501
58	23	-36.560463
60	23	-32.622864
62	23	-28.377609
64	23	-24.503143
66	23	-21.061863
68	23	-17.495155
70	23	-13.591597
72	23	-9.752762
74	23	-6.850876
76	23	-5.184687
78	23	-4.367452
80	23	-3.494705
82	23	-1.523024
84	23	2.359341
86	23	7.474272
88	23	11.923103
90	23	14.960834
92	23	16.160195
94	23	14.697266
96	23	11.767571
98	23	9.898026
100	23	11.358307
102	23	15.471695
104	23	20.686493
106	23	25.47731
108	23	28.488434
110	23	29.780319
112	23	30.232406
114	23	30.598602
116	23	31.011124
118	23	31.198319
120	23	28.891586
122	23	23.670669
124	23	22.106919
126	23	20.806946
128	23	18.105057
130	23	12.834198
132	23	7.102432
134	23	3.319687
136	23	1.73526
138	23	1.919724
140	23	0.636108
142	23	-1.821323
144	23	0.17623
146	23	8.407596
148	23	21.651817
150	23	35.218094
152	23	43.793747
154	23	47.792725
156	23	50.332352
158	23	51.615707
160	23	52.459411
162	23	51.755432
164	23	49.18544
166	23	47.486199
168	23	47.952595
170	23	49.465731
172	23	48.849155
174	23	44.702507
176	23	38.346374
178	23	32.523377
180	23	26.8125
182	23	20.355652
184	23	13.252624
186	23	5.246948
188	23	-8.875793
190	23	-27.50415
192	23	-45.616211
194	23	-57.342346
196	23	-62.888916
198	23	-63.024047
200	23	-59.634094
202	23	-52.877075
204	23	-43.148773
206	23	-30.625
208	23	-16.076141
210	23	-0.599671
212	23	15.966523
214	23	34.479248
216	23	56.057709
218	23	80.807617
220	23	107.382873
222	23	134.145229
224	23	160.292885
226	23	184.704666
228	23	206.933538
230	23	226.592705
232	23	244.208236
234	23	258.865417
236	23	269.902893
238	23	277.665405
240	23	282.759582
242	23	286.566834
244	23	290.084046
246	23	293.186706
248	23	295.974609
250	23	299.647034
252	23	304.083435
254	23	307.975098
256	23	310.506104
258	23	309.350952
260	23	299.313965
262	23	276.664184
264	23	240.114868
266	23	194.191894
268	23	142.910888
270	23	91.552491
272	23	41.576904
274	23	-6.243164
276	23	-51.627441
278	23	-94.673828
280	23	-136.066162
282	23	-174.817627
284	23	-210.093018
286	23	-239.044678
288	23	-258.017822
290	23	-264.996216
292	23	-259.365601
294	23	-244.645142
296	23	-221.626465
298	23	-194.714478
300	23	-170.351685
302	23	-152.575378
304	23	-141.507385
306	23	-133.727966
308	23	-124.849853
310	23	-112.796234
312	23	-101.19809
314	23	-90.34317
316	23	-79.975831
318	23	-70.67128
320	23	-63.261841
322	23	-58.785828
324	23	-56.031448
326	23	-52.601749
328	23	-47.677939
330	23	-40.758264
332	23	-32.766554
334	23	-25.052135
336	23	-19.603447
338	23	-15.161681
340	23	-11.516429
342	23	-6.997695
0	24	-3.37967
2	24	-11.119072
4	24	-17.409256
6	24	-27.853424
8	24	-38.222092
10	24	-49.582718
12	24	-61.53543
14	24	-73.222565
16	24	-83.554504
18	24	-92.144989
20	24	-99.907745
22	24	-106.389862
24	24	-110.157227
26	24	-109.469788
28	24	-105.692414
30	24	-101.240753
32	24	-94.958557
34	24	-87.346161
36	24	-79.369507
38	24	-71.428299
40	24	-63.672622
42	24	-57.249924
44	24	-53.212937
46	24	-51.337341
48	24	-49.720077
50	24	-47.43805
52	24	-43.921051
54	24	-39.462936
56	24	-34.926224
58	24	-31.156922
60	24	-27.538391
62	24	-23.708214
64	24	-20.253876
66	24	-17.05997
68	24	-13.594502
70	24	-9.663605
72	24	-5.797372
74	24	-2.951731
76	24	-1.439578
78	24	-0.833502
80	24	-0.237512
82	24	1.408044
84	24	4.982271
86	24	9.778244
88	24	13.911297
90	24	16.702069
92	24	17.763065
94	24	16.452275
96	24	13.887192
98	24	12.328163
100	24	13.828369
102	24	17.735344
104	24	22.580048
106	24	26.908158
108	24	29.456985
110	24	30.273521
112	24	30.24224
114	24	30.167923
116	24	30.235123
118	24	30.231277
120	24	28.041534
122	24	23.124771
124	24	21.570053
126	24	20.261215
128	24	17.714432
130	24	12.787613
132	24	7.429489
134	24	3.808288
136	24	2.208832
138	24	2.326133
140	24	1.212616
142	24	-0.819573
144	24	1.359893
146	24	9.264148
148	24	21.462937
150	24	33.346344
152	24	40.306778
154	24	43.225174
156	24	45.270767
158	24	46.601791
160	24	47.64325
162	24	46.940796
164	24	44.253174
166	24	42.447792
168	24	42.809407
170	24	44.116123
172	24	43.424255
174	24	39.526046
176	24	33.583801
178	24	28.022919
180	24	22.642792
182	24	16.763336
184	24	10.917725
186	24	4.693939
188	24	-6.234222
190	24	-20.61087
192	24	-34.786804
194	24	-44.27243
196	24	-48.654449
198	24	-48.658234
200	24	-45.507843
202	24	-39.605865
204	24	-31.482696
206	24	-21.13736
208	24	-8.995148
210	24	3.563659
212	24	16.389649
214	24	30.206177
216	24	46.297226
218	24	64.481178
220	24	83.974432
222	24	103.222979
224	24	122.252655
226	24	140.69962
228	24	158.437389
230	24	175.26593
232	24	190.695694
234	24	203.005127
236	24	211.870071
238	24	218.068909
240	24	222.310608
242	24	225.401916
244	24	227.62323
246	24	229.263611
248	24	230.287292
250	24	231.819458
252	24	234.148804
254	24	236.063537
256	24	237.168212
258	24	235.462158
260	24	227.038574
262	24	209.660523
264	24	183.448609
266	24	150.676148
268	24	113.465698
270	24	75.292969
272	24	38.742554
274	24	4.620484
276	24	-28.286377
278	24	-61.217285
280	24	-94.886475
282	24	-127.787598
284	24	-158.125855
286	24	-183.287842
288	24	-200.351685
290	24	-207.65503
292	24	-204.857544
294	24	-194.747681
296	24	-178.27948
298	24	-159.110352
300	24	-142.120423
302	24	-130.22174
304	24	-122.8302
306	24	-117.415405
308	24	-110.553039
310	24	-100.61267
312	24	-90.976929
314	24	-81.818115
316	24	-73.061371
318	24	-65.176346
320	24	-58.919586
322	24	-55.240005
324	24	-52.979995
326	24	-49.926712
328	24	-45.393242
330	24	-38.982268
332	24	-31.532717
334	24	-24.367692
336	24	-19.240078
338	24	-14.988141
340	24	-11.347688
342	24	-6.791727
0	25	-3.110627
2	25	-10.540184
4	25	-16.607758
6	25	-26.752121
8	25	-36.872055
10	25	-47.961106
12	25	-59.572632
14	25	-70.785217
16	25	-80.530731
18	25	-88.477508
20	25	-95.566071
22	25	-101.378785
24	25	-104.581787
26	25	-103.590271
28	25	-99.729095
30	25	-95.331055
32	25	-89.296952
34	25	-81.993332
36	25	-74.324158
38	25	-66.708694
40	25	-59.32283
42	25	-53.233582
44	25	-49.365905
46	25	-47.478592
48	25	-45.876831
50	25	-43.712815
52	25	-40.420563
54	25	-36.235474
56	25	-31.984436
58	25	-28.473511
60	25	-25.12104
62	25	-21.565377
64	25	-18.356484
66	25	-15.369721
68	25	-12.115139
70	25	-8.403334
72	25	-4.75634
74	25	-2.089355
76	25	-0.696343
78	25	-0.165426
80	25	0.357895
82	25	1.867677
84	25	5.198433
86	25	9.687624
88	25	13.56646
90	25	16.190903
92	25	17.170605
94	25	15.914207
96	25	13.498871
98	25	12.046738
100	25	13.467681
102	25	17.14344
104	25	21.677619
106	25	25.698761
108	25	28.027817
110	25	28.705635
112	25	28.583504
114	25	28.435593
116	25	28.435738
118	25	28.395935
120	25	26.339752
122	25	21.731308
124	25	20.223312
126	25	18.951996
128	25	16.561631
130	25	11.979934
132	25	7.020447
134	25	3.663131
136	25	2.179794
138	25	2.305794
140	25	1.311882
142	25	-0.499806
144	25	1.556085
146	25	8.854241
148	25	20.019356
150	25	30.775605
152	25	36.949066
154	25	39.37645
156	25	41.009964
158	25	42.05922
160	25	42.896362
162	25	42.145462
164	25	39.583298
166	25	37.827095
168	25	38.032074
170	25	39.033313
172	25	38.237703
174	25	34.584709
176	25	29.078567
178	25	23.856354
180	25	18.822037
182	25	13.572357
184	25	8.61853
186	25	3.567352
188	25	-4.823578
190	25	-15.433838
192	25	-25.592957
194	25	-32.204712
196	25	-35.106202
198	25	-34.907593
200	25	-32.50357
202	25	-28.256134
204	25	-22.510971
206	25	-15.259461
208	25	-6.789566
210	25	1.910767
212	25	10.705795
214	25	20.034103
216	25	30.711601
218	25	42.583648
220	25	55.141819
222	25	67.369427
224	25	79.396126
226	25	91.093384
228	25	102.461733
230	25	113.368386
232	25	123.372681
234	25	131.319412
236	25	137.008774
238	25	140.96521
240	25	143.700302
242	25	145.698913
244	25	147.115783
246	25	148.203766
248	25	148.925079
250	25	149.939239
252	25	151.407043
254	25	152.552246
256	25	153.173401
258	25	151.983948
260	25	146.567322
262	25	135.596802
264	25	119.178528
266	25	98.605407
268	25	75.080383
270	25	50.660523
272	25	27.138428
274	25	5.04004
276	25	-16.615356
278	25	-38.767578
280	25	-61.869018
282	25	-84.881469
284	25	-106.523315
286	25	-125.055542
288	25	-138.547302
290	25	-145.881103
292	25	-146.910218
294	25	-143.433533
296	25	-135.637573
298	25	-125.486206
300	25	-116.067261
302	25	-109.417114
304	25	-105.287964
306	25	-102.112366
308	25	-97.299957
310	25	-89.493377
312	25	-81.692933
314	25	-74.130158
316	25	-66.816834
318	25	-60.12474
320	25	-54.716964
322	25	-51.51004
324	25	-49.511704
326	25	-46.753967
328	25	-42.639169
330	25	-36.781544
332	25	-29.898749
334	25	-23.230814
336	25	-18.422997
338	25	-14.384815
340	25	-10.867667
342	25	-6.462006
