0	1	-6.475631
2	1	-7.056678
4	1	-0.812862
6	1	0.010437
8	1	-5.77755
10	1	-9.51558
12	1	-7.620994
14	1	-0.698349
16	1	4.0009
18	1	-3.468383
20	1	-9.286225
22	1	-16.158402
24	1	-15.081955
26	1	-4.912491
28	1	14.2211
30	1	36.230622
32	1	55.417267
34	1	67.422821
36	1	76.391114
38	1	88.901031
40	1	113.973359
42	1	146.384888
44	1	181.005799
46	1	211.390686
48	1	245.564087
50	1	287.839111
52	1	327.390503
54	1	363.39093
56	1	433.452026
58	1	483.897766
60	1	521.385376
62	1	539.838745
64	1	554.95288
66	1	506.326904
68	1	402.325195
70	1	306.214233
72	1	201.076294
74	1	99.678344
76	1	37.320922
78	1	30.264771
80	1	80.702759
82	1	181.701904
84	1	304.453736
86	1	394.468506
88	1	380.27417
90	1	207.512207
92	1	-58.475098
94	1	-203.756348
96	1	-87.93164
98	1	264.928711
100	1	720.047364
102	1	1125.920898
104	1	1376.946289
106	1	1435.063477
108	1	1320.348145
110	1	1057.96582
112	1	672.375244
114	1	240.457763
116	1	-110.787598
118	1	-261.696045
120	1	-156.076172
122	1	139.558594
124	1	458.283203
126	1	665.660156
128	1	745.151856
130	1	738.916016
132	1	664.974365
134	1	515.69751
136	1	304.781005
138	1	77.766846
140	1	-122.179687
142	1	-278.724853
144	1	-396.389953
146	1	-485.290558
148	1	-557.944061
150	1	-625.469117
152	1	-695.435242
154	1	-758.409058
156	1	-775.790283
158	1	-709.583741
160	1	-548.912354
162	1	-299.253662
164	1	14.909668
166	1	322.283691
168	1	493.20459
170	1	400.003906
172	1	31.434082
174	1	-441.816406
176	1	-763.973144
178	1	-849.948242
180	1	-808.864258
182	1	-779.029297
184	1	-815.706054
186	1	-874.119141
188	1	-861.913086
190	1	-718.770019
192	1	-491.408692
194	1	-303.410157
196	1	-225.307617
198	1	-231.020508
200	1	-272.550293
202	1	-323.057861
204	1	-360.071045
206	1	-351.759522
208	1	-289.93982
210	1	-212.604248
212	1	-155.090576
214	1	-123.663452
216	1	-113.537658
218	1	-111.288086
220	1	-120.290466
222	1	-121.0224
224	1	-95.779664
226	1	-65.119323
228	1	-35.183105
230	1	-7.400116
232	1	8.314697
234	1	15.214447
236	1	18.02066
238	1	12.9057
240	1	7.669769
242	1	1.889648
244	1	-5.505554
246	1	-8.351761
248	1	-21.964737
250	1	-31.11026
252	1	-25.059982
254	1	-26.957733
256	1	-30.216629
258	1	-30.526443
260	1	-28.388718
262	1	-27.45253
264	1	-26.164658
266	1	-25.090682
268	1	-23.212937
270	1	-21.955017
272	1	-17.594223
274	1	-11.682365
276	1	-5.583313
278	1	-0.356996
0	2	-8.119006
2	2	-8.268572
4	2	-1.635598
6	2	-4.000821
8	2	-15.451729
10	2	-24.617492
12	2	-27.073196
14	2	-16.998611
16	2	-6.067138
18	2	-9.410767
20	2	-15.176041
22	2	-25.397415
24	2	-26.220581
26	2	-17.208709
28	2	0.022979
30	2	23.232391
32	2	43.448913
34	2	55.675964
36	2	65.111206
38	2	78.343079
40	2	105.553161
42	2	142.942993
44	2	182.010132
46	2	220.444153
48	2	267.815674
50	2	332.486756
52	2	401.934815
54	2	474.342651
56	2	575.144653
58	2	642.596679
60	2	686.895752
62	2	721.842651
64	2	730.321411
66	2	682.219238
68	2	569.081298
70	2	433.560302
72	2	290.046631
74	2	145.099121
76	2	46.422608
78	2	26.134765
80	2	91.180664
82	2	226.14624
84	2	386.286866
86	2	501.510254
88	2	491.347656
90	2	310.490234
92	2	30.078125
94	2	-139.949707
96	2	-23.474121
98	2	353.546875
100	2	828.817383
102	2	1244.236328
104	2	1500.681153
106	2	1558.857422
108	2	1428.945313
110	2	1141.32959
112	2	734.578125
114	2	282.084473
116	2	-93.228028
118	2	-261.666015
120	2	-164.630859
122	2	128.118164
124	2	456.290527
126	2	689.641113
128	2	795.832519
130	2	800.468262
132	2	722.853516
134	2	560.909668
136	2	326.611573
138	2	61.556885
140	2	-181.041992
142	2	-359.301514
144	2	-469.126587
146	2	-547.562195
148	2	-627.725471
150	2	-712.817095
152	2	-796.929627
154	2	-868.938721
156	2	-892.195068
158	2	-824.292481
160	2	-653.898438
162	2	-379.191894
164	2	-19.026855
166	2	337.672364
168	2	552.400391
170	2	507.697266
172	2	179.963867
174	2	-292.265625
176	2	-676.451172
178	2	-852.210938
180	2	-880.512696
182	2	-881.533203
184	2	-918.643555
186	2	-964.676758
188	2	-941.338867
190	2	-797.832032
192	2	-576.641602
194	2	-389.159668
196	2	-307.74414
198	2	-315.074219
200	2	-365.291748
202	2	-429.942139
204	2	-477.426758
206	2	-465.256348
208	2	-389.267823
210	2	-299.125244
212	2	-231.9375
214	2	-186.838501
216	2	-167.899048
218	2	-161.720947
220	2	-157.137207
222	2	-141.502319
224	2	-108.66626
226	2	-77.573913
228	2	-52.881347
230	2	-26.932739
232	2	-8.157288
234	2	0.233704
236	2	3.767761
238	2	-3.105377
240	2	-6.29123
242	2	-6.204712
244	2	-14.083741
246	2	-24.038452
248	2	-34.824798
250	2	-36.951813
252	2	-30.593109
254	2	-36.579925
256	2	-45.634964
258	2	-48.503693
260	2	-44.283127
262	2	-38.687652
264	2	-33.852722
266	2	-31.398071
268	2	-30.419297
270	2	-28.843613
272	2	-23.525833
274	2	-15.974968
276	2	-7.318299
278	2	0.60537
0	3	-7.554037
2	3	-7.383869
4	3	-2.195942
6	3	-7.454415
8	3	-20.630783
10	3	-30.684829
12	3	-32.656906
14	3	-27.384384
16	3	-20.723495
18	3	-22.470764
20	3	-28.894089
22	3	-41.643219
24	3	-45.024932
26	3	-39.088654
28	3	-27.825989
30	3	-10.554565
32	3	5.394653
34	3	13.007141
36	3	19.877258
38	3	30.355591
40	3	55.552002
42	3	90.362732
44	3	127.115723
46	3	161.190003
48	3	204.690247
50	3	272.847046
52	3	351.963134
54	3	434.613647
56	3	541.190185
58	3	607.178222
60	3	667.19751
62	3	763.772949
64	3	822.042724
66	3	780.912354
68	3	681.996826
70	3	555.64624
72	3	394.710205
74	3	216.635498
76	3	76.581543
78	3	28.838379
80	3	89.109131
82	3	238.320312
84	3	420.099854
86	3	553.501954
88	3	558.613769
90	3	399.158203
92	3	147.694825
94	3	-9.026367
96	3	98.056641
98	3	453.276367
100	3	889.995606
102	3	1258.969726
104	3	1482.32959
106	3	1531.264161
108	3	1404.034668
110	3	1124.222657
112	3	736.050293
114	3	306.338867
116	3	-57.539063
118	3	-234.203125
120	3	-166.198731
122	3	92.809082
124	3	406.764649
126	3	646.878906
128	3	769.313965
130	3	787.410644
132	3	716.990235
134	3	559.00586
136	3	320.989746
138	3	33.205567
140	3	-248.777832
142	3	-456.549316
144	3	-564.403443
146	3	-622.047546
148	3	-684.574638
150	3	-768.74881
152	3	-864.758057
154	3	-940.817627
156	3	-959.755371
158	3	-908.638672
160	3	-767.897461
162	3	-492.501953
164	3	-72.084472
166	3	369.376465
168	3	641.174804
170	3	655.519043
172	3	388.813476
174	3	-54.62793
176	3	-467.570313
178	3	-716.21875
180	3	-823.160156
182	3	-875.597657
184	3	-927.760742
186	3	-964.6875
188	3	-930.831054
190	3	-797.106445
192	3	-608.301758
194	3	-456.358398
196	3	-397.179687
198	3	-414.01416
200	3	-462.251465
202	3	-509.760498
204	3	-529.152099
206	3	-495.346679
208	3	-418.313477
210	3	-339.756836
212	3	-278.467529
214	3	-239.295777
216	3	-224.427002
218	3	-207.894409
220	3	-179.561767
222	3	-142.775513
224	3	-108.27832
226	3	-78.025757
228	3	-52.944763
230	3	-25.204346
232	3	-2.1026
234	3	7.518067
236	3	3.254944
238	3	-5.443145
240	3	-7.726318
242	3	-11.931976
244	3	-24.048615
246	3	-38.042267
248	3	-45.396851
250	3	-40.943024
252	3	-39.604919
254	3	-45.616333
256	3	-52.948212
258	3	-53.28598
260	3	-47.132477
262	3	-39.657898
264	3	-31.116562
266	3	-27.376297
268	3	-24.555176
270	3	-21.28302
272	3	-19.623452
274	3	-14.679657
276	3	-8.663082
278	3	-0.239805
0	4	-6.372483
2	4	-6.00333
4	4	-2.229301
6	4	-6.762368
8	4	-16.807228
10	4	-25.217315
12	4	-27.402801
14	4	-29.135742
16	4	-32.285416
18	4	-36.083374
20	4	-44.13855
22	4	-58.314377
24	4	-68.3992
26	4	-67.105561
28	4	-60.555054
30	4	-52.546386
32	4	-47.864441
34	4	-49.972839
36	4	-50.588135
38	4	-46.435669
40	4	-28.212219
42	4	0.451844
44	4	33.112793
46	4	68.161682
48	4	115.2854
50	4	189.972412
52	4	276.880615
54	4	366.548584
56	4	477.637085
58	4	550.604737
60	4	606.83313
62	4	722.934815
64	4	819.977294
66	4	830.424316
68	4	775.024903
70	4	667.652832
72	4	511.817871
74	4	319.606201
76	4	149.26709
78	4	70.790527
80	4	110.908203
82	4	250.991699
84	4	435.606934
86	4	586.526856
88	4	624.640625
90	4	507.350586
92	4	295.407227
94	4	162.813476
96	4	260.164063
98	4	572.158203
100	4	937.881836
102	4	1220.294922
104	4	1367.224121
106	4	1385.852051
108	4	1282.278809
110	4	1050.978027
112	4	712.17627
114	4	324.820801
116	4	-14.185058
118	4	-201.266602
120	4	-180.545411
122	4	31.889649
124	4	331.203125
126	4	565.374512
128	4	678.074219
130	4	708.502929
132	4	667.345703
134	4	537.917481
136	4	321.252441
138	4	29.642578
140	4	-297.58374
142	4	-579.46582
144	4	-734.351684
146	4	-755.817383
148	4	-726.564965
150	4	-758.221466
152	4	-871.736328
154	4	-968.637696
156	4	-979.282959
158	4	-959.407227
160	4	-880.042969
162	4	-583.996582
164	4	-106.772949
166	4	428.716309
168	4	774.79541
170	4	826.288574
172	4	588.188476
174	4	184.3125
176	4	-210.039063
178	4	-495.725586
180	4	-683.585937
182	4	-819.297852
184	4	-926.109375
186	4	-981.982422
188	4	-945.232421
190	4	-814.316407
192	4	-649.227539
194	4	-529.544922
196	4	-492.323242
198	4	-515.548828
200	4	-554.635253
202	4	-577.793945
204	4	-566.237549
206	4	-513.536621
208	4	-442.499023
210	4	-375.381836
212	4	-315.168945
214	4	-277.517334
216	4	-259.286743
218	4	-229.662476
220	4	-177.131226
222	4	-116.241821
224	4	-74.484741
226	4	-44.997437
228	4	-25.282226
230	4	-4.88269
232	4	9.813598
234	4	14.439209
236	4	8.558777
238	4	-1.442932
240	4	-6.924805
242	4	-16.538788
244	4	-29.654755
246	4	-42.114502
248	4	-43.72406
250	4	-36.346467
252	4	-40.307647
254	4	-48.118225
256	4	-52.941528
258	4	-50.685395
260	4	-41.674408
262	4	-34.749969
264	4	-29.110489
266	4	-24.370636
268	4	-17.696656
270	4	-12.747208
272	4	-15.54779
274	4	-14.527607
276	4	-7.436949
278	4	-0.322821
0	5	-4.743705
2	5	-3.802647
4	5	-0.917679
6	5	-4.724236
8	5	-11.273712
10	5	-19.503403
12	5	-24.522812
14	5	-30.260284
16	5	-39.885605
18	5	-47.869995
20	5	-58.390884
22	5	-72.961197
24	5	-88.793518
26	5	-93.352265
28	5	-92.562927
30	5	-94.429382
32	5	-102.917359
34	5	-115.328552
36	5	-124.479492
38	5	-126.862976
40	5	-116.215942
42	5	-93.908264
44	5	-64.030395
46	5	-28.521972
48	5	23.189697
50	5	102.3396
52	5	190.61731
54	5	287.224731
56	5	405.406128
58	5	504.179565
60	5	569.936036
62	5	683.194825
64	5	812.028808
66	5	868.857178
68	5	848.135498
70	5	771.223877
72	5	640.40625
74	5	460.798828
76	5	286.915527
78	5	187.598633
80	5	189.570312
82	5	283.986328
84	5	435.107422
86	5	582.928711
88	5	655.267578
90	5	598.42041
92	5	449.264649
94	5	354.894531
96	5	439.62793
98	5	697.162109
100	5	985.50293
102	5	1176.820312
104	5	1234.582031
106	5	1207.173828
108	5	1128.780762
110	5	964.151367
112	5	687.78125
114	5	342.895508
116	5	25.221679
118	5	-171.845703
120	5	-192.05127
122	5	-22.4375
124	5	251.304199
126	5	468.133301
128	5	549.717285
130	5	616.729493
132	5	631.043457
134	5	534.187988
136	5	346.20459
138	5	68.884277
140	5	-296.846679
142	5	-687.556152
144	5	-920.438721
146	5	-851.375488
148	5	-632.877533
150	5	-567.447113
152	5	-722.698364
154	5	-914.04712
156	5	-959.184327
158	5	-971.033691
160	5	-926.582031
162	5	-606.567872
164	5	-119.972656
166	5	431.393066
168	5	811.021484
170	5	874.755859
172	5	662.018555
174	5	331.03125
176	5	8.754883
178	5	-275.644531
180	5	-539.09961
182	5	-776.453125
184	5	-961.825195
186	5	-1052.027344
188	5	-1011.112305
190	5	-866.072266
192	5	-703.386719
194	5	-598.9375
196	5	-571.279786
198	5	-591.029785
200	5	-616.512695
202	5	-623.315918
204	5	-594.609619
206	5	-532.779785
208	5	-467.590088
210	5	-407.157715
212	5	-350.885742
214	5	-309.620361
216	5	-284.225586
218	5	-240.370727
220	5	-166.952637
222	5	-94.350708
224	5	-46.076904
226	5	-21.800904
228	5	-7.004638
230	5	7.752075
232	5	13.570984
234	5	9.265809
236	5	-0.276977
238	5	-4.950501
240	5	-7.542327
242	5	-15.122986
244	5	-24.523712
246	5	-35.240082
248	5	-38.737458
250	5	-37.924774
252	5	-46.872024
254	5	-57.384353
256	5	-56.60054
258	5	-48.898926
260	5	-35.870621
262	5	-23.621185
264	5	-17.120849
266	5	-14.236115
268	5	-8.527054
270	5	-5.691437
272	5	-9.3535
274	5	-11.894753
276	5	-7.926768
278	5	-1.147406
0	6	-2.772834
2	6	-0.763349
4	6	1.668975
6	6	-0.646309
8	6	-4.489898
10	6	-12.322113
12	6	-21.063233
14	6	-31.26979
16	6	-44.756546
18	6	-57.751434
20	6	-71.631821
22	6	-84.918091
24	6	-103.532105
26	6	-116.028137
28	6	-122.451141
30	6	-132.574371
32	6	-151.651489
34	6	-172.874451
36	6	-189.131836
38	6	-198.095154
40	6	-194.387573
42	6	-176.965332
44	6	-149.171509
46	6	-114.279052
48	6	-63.119873
50	6	15.984741
52	6	105.297241
54	6	206.543457
56	6	320.574341
58	6	438.119751
60	6	523.0448
62	6	627.014648
64	6	768.824951
66	6	873.176514
68	6	899.372071
70	6	867.042481
72	6	775.421387
74	6	627.383301
76	6	471.969238
78	6	364.75
80	6	321.714844
82	6	347.838379
84	6	435.914063
86	6	550.334961
88	6	636.432129
90	6	645.000977
92	6	585.709473
94	6	551.082032
96	6	628.200195
98	6	830.691407
100	6	1049.829101
102	6	1178.226563
104	6	1178.40625
106	6	1102.112305
108	6	1012.999512
110	6	888.918457
112	6	672.30127
114	6	373.442382
116	6	69.891601
118	6	-132.310547
120	6	-169.884277
122	6	-38.566894
124	6	189.344727
126	6	391.612793
128	6	492.267089
130	6	632.955078
132	6	662.314941
134	6	571.147461
136	6	394.479004
138	6	134.868164
140	6	-232.697998
142	6	-694.750732
144	6	-985.621949
146	6	-811.796753
148	6	-396.510132
150	6	-232.900238
152	6	-460.062867
154	6	-805.098266
156	6	-898.275391
158	6	-950.623291
160	6	-905.52832
162	6	-596.075196
164	6	-136.562012
166	6	325.67871
168	6	637.645508
170	6	715.418945
172	6	575.416992
174	6	359.001953
176	6	127.249023
178	6	-151.560547
180	6	-484.549804
182	6	-806.333984
184	6	-1045.693359
186	6	-1149.966797
188	6	-1093.83496
190	6	-926.657226
192	6	-754.835937
194	6	-652.208985
196	6	-624.611817
198	6	-637.552246
200	6	-654.845703
202	6	-653.945312
204	6	-614.942871
206	6	-550.641113
208	6	-489.575928
210	6	-436.597412
212	6	-384.050537
214	6	-328.40039
216	6	-292.25
218	6	-237.453613
220	6	-151.739258
222	6	-74.295044
224	6	-28.62976
226	6	-10.013306
228	6	1.659424
230	6	11.134399
232	6	10.846741
234	6	-4.86615
236	6	-18.304261
238	6	-17.217163
240	6	-14.979432
242	6	-17.20346
244	6	-23.287841
246	6	-27.97876
248	6	-32.008362
250	6	-42.628296
252	6	-56.11496
254	6	-64.716171
256	6	-58.676392
258	6	-45.647171
260	6	-29.286926
262	6	-13.092498
264	6	-4.068619
266	6	-2.13565
268	6	1.108475
270	6	2.288521
272	6	-1.42537
274	6	-5.903526
276	6	-6.707798
278	6	-1.877498
0	7	-1.270891
2	7	2.363892
4	7	5.141344
6	7	4.851097
8	7	4.045189
10	7	-2.85965
12	7	-15.649491
14	7	-32.255249
16	7	-48.684983
18	7	-64.860199
20	7	-81.420105
22	7	-94.296692
24	7	-112.787475
26	7	-132.784912
28	7	-148.11792
30	7	-165.942993
32	7	-190.11261
34	7	-215.431824
36	7	-237.439087
38	7	-252.82312
40	7	-254.222229
42	7	-243.372803
44	7	-218.672303
46	7	-182.827026
48	7	-134.27539
50	7	-59.58728
52	7	29.343872
54	7	132.876709
56	7	245.619262
58	7	364.220825
60	7	463.307128
62	7	559.81543
64	7	695.774658
66	7	832.7583
68	7	912.050781
70	7	930.904785
72	7	887.683594
74	7	781.780273
76	7	653.782227
78	7	549.229981
80	7	471.662109
82	7	433.043457
84	7	450.425293
86	7	512.878906
88	7	590.290039
90	7	652.001953
92	7	686.071777
94	7	725.754883
96	7	815.307617
98	7	976.780274
100	7	1149.676757
102	7	1238.576172
104	7	1198.853027
106	7	1074.746094
108	7	937.011718
110	7	799.941895
112	7	624.486328
114	7	396.438965
116	7	138.298828
118	7	-50.816895
120	7	-89.011231
122	7	12.188964
124	7	196.654297
126	7	391.893066
128	7	564.056152
130	7	737.734863
132	7	752.715332
134	7	662.032227
136	7	465.84082
138	7	196.565918
140	7	-126.318359
142	7	-551.634033
144	7	-799.977906
146	7	-622.341918
148	7	-284.999069
150	7	-103.254395
152	7	-289.489868
154	7	-708.802491
156	7	-842.872315
158	7	-892.776123
160	7	-845.25
162	7	-591.991699
164	7	-215.470703
166	7	101.715821
168	7	333.925293
170	7	443.838867
172	7	406.024414
174	7	307.65625
176	7	145.231445
178	7	-142.244141
180	7	-528.073242
182	7	-891.375
184	7	-1139.96289
186	7	-1227.387695
188	7	-1144.327149
190	7	-957.407226
192	7	-777.757812
194	7	-675.667969
196	7	-650.754882
198	7	-663.668945
200	7	-678.743653
202	7	-667.933106
204	7	-619.674316
206	7	-557.513183
208	7	-506.791016
210	7	-462.174316
212	7	-404.349121
214	7	-333.093994
216	7	-285.095459
218	7	-216.414063
220	7	-125.380249
222	7	-49.281128
224	7	-13.532837
226	7	-0.59021
228	7	7.023438
230	7	14.852905
232	7	9.280456
234	7	-13.822693
236	7	-27.273682
238	7	-23.615356
240	7	-22.004761
242	7	-19.145813
244	7	-19.104554
246	7	-21.99472
248	7	-29.407837
250	7	-44.47818
252	7	-60.02742
254	7	-68.669251
256	7	-60.923568
258	7	-43.686829
260	7	-23.488632
262	7	-5.926194
264	7	5.612762
266	7	7.780151
268	7	8.535827
270	7	8.232933
272	7	4.776283
274	7	-0.418778
276	7	-3.789376
278	7	-2.30133
0	8	-0.389003
2	8	5.381782
4	8	9.500159
6	8	10.692279
8	8	12.527168
10	8	5.093224
12	8	-11.345505
14	8	-33.222443
16	8	-52.478317
18	8	-69.448333
20	8	-87.340912
22	8	-100.901672
24	8	-116.900788
26	8	-141.275878
28	8	-164.552857
30	8	-188.096192
32	8	-216.516022
34	8	-243.182464
36	8	-268.285156
38	8	-287.777404
40	8	-295.655212
42	8	-292.601197
44	8	-274.435546
46	8	-237.274109
48	8	-189.043946
50	8	-120.387573
52	8	-30.926513
54	8	73.184204
56	8	186.83435
58	8	301.842652
60	8	401.033569
62	8	491.437989
64	8	613.811523
66	8	758.077392
68	8	872.089355
70	8	934.402344
72	8	941.161621
74	8	884.587891
76	8	791.278808
78	8	698.328613
80	8	606.114746
82	8	518.628906
84	8	473.362793
86	8	486.409668
88	8	549.086914
90	8	642.29834
92	8	743.928222
94	8	847.349121
96	8	967.388672
98	8	1114.418945
100	8	1268.545899
102	8	1317.802735
104	8	1217.528809
106	8	1034.941895
108	8	818.420411
110	8	645.672363
112	8	505.777344
114	8	360.448731
116	8	206.044922
118	8	90.797852
120	8	74.665528
122	8	144.091797
124	8	278.433106
126	8	459.715332
128	8	684.032226
130	8	852.231934
132	8	842.571777
134	8	738.719726
136	8	524.102539
138	8	268.156006
140	8	25.865967
142	8	-300.274903
144	8	-509.328491
146	8	-490.092346
148	8	-365.925964
150	8	-322.214295
152	8	-391.389038
154	8	-674.760376
156	8	-812.03125
158	8	-807.691162
160	8	-774.036133
162	8	-618.72461
164	8	-374.860352
166	8	-168.963379
168	8	39.707032
170	8	186.137696
172	8	247.768555
174	8	230.716797
176	8	96.605469
178	8	-195.80957
180	8	-590.991211
182	8	-956.669922
184	8	-1194.430664
186	8	-1253.951172
188	8	-1139.427734
190	8	-937.170899
192	8	-762.1875
194	8	-677.451171
196	8	-667.954101
198	8	-685.839355
200	8	-695.043457
202	8	-667.252442
204	8	-608.41748
206	8	-550.262207
208	8	-512.5271
210	8	-462.867432
212	8	-400.811524
214	8	-328.497071
216	8	-265.499512
218	8	-182.493408
220	8	-92.242431
222	8	-30.102661
224	8	-6.714234
226	8	4.58374
228	8	12.215088
230	8	14.760132
232	8	0.812317
234	8	-24.238586
236	8	-33.928711
238	8	-30.676575
240	8	-26.129852
242	8	-15.678955
244	8	-11.217376
246	8	-14.796661
248	8	-26.527604
250	8	-45.042282
252	8	-62.081177
254	8	-69.291046
256	8	-61.288544
258	8	-40.992203
260	8	-17.883422
262	8	-0.196442
264	8	9.700928
266	8	12.494156
268	8	13.031601
270	8	12.681671
272	8	9.670307
274	8	4.234281
276	8	-0.519541
278	8	-2.376409
0	9	0.082386
2	9	6.067244
4	9	12.207776
6	9	15.153019
8	9	16.827644
10	9	8.282447
12	9	-9.743195
14	9	-33.35434
16	9	-56.187973
18	9	-73.57579
20	9	-90.753586
22	9	-105.359818
24	9	-120.541992
26	9	-144.61145
28	9	-172.229645
30	9	-199.749359
32	9	-230.418824
34	9	-258.680634
36	9	-285.952087
38	9	-306.941223
40	9	-322.500428
42	9	-327.056885
44	9	-316.156189
46	9	-280.284729
48	9	-231.584046
50	9	-166.53772
52	9	-78.665527
54	9	26.131836
56	9	136.489014
58	9	258.108154
60	9	351.000732
62	9	427.735962
64	9	532.151612
66	9	670.198242
68	9	794.154785
70	9	879.23291
72	9	925.99414
74	9	918.784179
76	9	866.205566
78	9	794.608398
80	9	700.955078
82	9	580.206055
84	9	484.091797
86	9	459.520019
88	9	511.200196
90	9	619.536621
92	9	752.679687
94	9	889.76416
96	9	1045.276855
98	9	1200.692383
100	9	1348.403321
102	9	1351.936523
104	9	1180.176757
106	9	913.131836
108	9	619.43164
110	9	415.020507
112	9	311.625488
114	9	286.394531
116	9	286.309571
118	9	303.655762
120	9	334.21582
122	9	367.062988
124	9	424.970703
126	9	543.59375
128	9	748.785645
130	9	882.720215
132	9	837.314941
134	9	720.846191
136	9	523.090821
138	9	316.194825
140	9	120.702637
142	9	-155.977051
144	9	-365.21875
146	9	-418.842712
148	9	-438.154717
150	9	-547.490235
152	9	-596.737549
154	9	-668.686035
156	9	-777.288085
158	9	-762.852294
160	9	-755.028809
162	9	-698.948242
164	9	-586.862793
166	9	-410.61084
168	9	-191.314941
170	9	14.830078
172	9	145.350586
174	9	170.707032
176	9	33.538086
178	9	-255.140625
180	9	-629.34082
182	9	-982.339844
184	9	-1206.970703
186	9	-1234.367188
188	9	-1086.481446
190	9	-876.232422
192	9	-723.171875
194	9	-675.969726
196	9	-691.993164
198	9	-712.804687
200	9	-702.208008
202	9	-651.086914
204	9	-584.673339
206	9	-528.838868
208	9	-487.723145
210	9	-432.925293
212	9	-386.762452
214	9	-314.188232
216	9	-233.693115
218	9	-143.760498
220	9	-65.461915
222	9	-15.634522
224	9	3.312745
226	9	5.523437
228	9	11.014771
230	9	4.341736
232	9	-13.592408
234	9	-33.129882
236	9	-41.522767
238	9	-40.081207
240	9	-27.584594
242	9	-11.235382
244	9	-3.972046
246	9	-8.221313
248	9	-22.114532
250	9	-43.840683
252	9	-62.18866
254	9	-67.731887
256	9	-58.930908
258	9	-36.84578
260	9	-12.536407
262	9	4.156205
264	9	11.956695
266	9	14.651162
268	9	15.035591
270	9	15.035309
272	9	12.816486
274	9	7.984816
276	9	2.160438
278	9	-1.841924
0	10	-0.518919
2	10	4.688226
4	10	12.130145
6	10	15.342016
8	10	16.29195
10	10	8.278907
12	10	-10.002503
14	10	-33.389145
16	10	-57.000091
18	10	-77.716141
20	10	-93.853363
22	10	-107.646286
24	10	-123.176834
26	10	-145.831848
28	10	-174.273926
30	10	-204.401123
32	10	-235.503693
34	10	-264.547577
36	10	-292.110412
38	10	-314.867279
40	10	-336.835327
42	10	-349.512451
44	10	-343.861145
46	10	-311.224793
48	10	-260.457641
50	10	-196.924255
52	10	-115.142822
54	10	-15.966919
56	10	91.78479
58	10	215.864136
60	10	318.680298
62	10	382.174317
64	10	459.573486
66	10	582.59375
68	10	704.096191
70	10	795.574218
72	10	868.114746
74	10	901.218261
76	10	883.175293
78	10	831.553222
80	10	740.354492
82	10	596.696289
84	10	460.713868
86	10	411.992188
88	10	461.277344
90	10	578.859864
92	10	720.376953
94	10	866.723144
96	10	1045.175293
98	10	1208.841796
100	10	1334.384277
102	10	1297.956543
104	10	1071.33252
106	10	732.613281
108	10	385.853027
110	10	130.104492
112	10	78.468261
114	10	190.647949
116	10	351.333496
118	10	490.990235
120	10	581.777344
122	10	595.606934
124	10	568.012695
126	10	596.238769
128	10	763.097168
130	10	815.216309
132	10	729.050781
134	10	590.123047
136	10	416.242676
138	10	281.451172
140	10	190.655518
142	10	26.422607
144	10	-167.396729
146	10	-290.434937
148	10	-433.640633
150	10	-627.615554
152	10	-711.359558
154	10	-647.397827
156	10	-688.050537
158	10	-709.524414
160	10	-778.32666
162	10	-831.514648
164	10	-808.616211
166	10	-640.948243
168	10	-380.877441
170	10	-92.65039
172	10	99.601562
174	10	146.860352
176	10	0.911133
178	10	-290.820313
180	10	-647.416992
182	10	-979.646485
184	10	-1175.368164
186	10	-1161.316407
188	10	-982.474609
190	10	-778.958985
192	10	-670.734375
194	10	-673.793946
196	10	-720.217285
198	10	-740.821778
200	10	-701.29541
202	10	-621.951172
204	10	-549.949218
206	10	-491.113769
208	10	-440.684326
210	10	-403.976562
212	10	-366.921387
214	10	-284.414795
216	10	-195.694092
218	10	-114.78833
220	10	-48.311279
222	10	-6.282348
224	10	2.187011
226	10	4.484742
228	10	3.237915
230	10	-6.064331
232	10	-22.568604
234	10	-40.408875
236	10	-51.95755
238	10	-47.988984
240	10	-27.764191
242	10	-8.732849
244	10	-0.602173
246	10	-4.594117
248	10	-18.802063
250	10	-40.789002
252	10	-59.02919
254	10	-63.882217
256	10	-54.716629
258	10	-32.088486
260	10	-8.233505
262	10	7.3647
264	10	13.474594
266	10	15.612938
268	10	16.650116
270	10	16.542412
272	10	14.459364
274	10	9.838843
276	10	3.992405
278	10	-0.816185
0	11	-1.241556
2	11	3.699378
4	11	10.018581
6	11	12.475304
8	11	14.141689
10	11	7.480438
12	11	-10.308067
14	11	-33.072312
16	11	-55.656647
18	11	-78.151917
20	11	-98.194031
22	11	-111.501205
24	11	-125.053406
26	11	-146.601044
28	11	-174.071045
30	11	-203.748444
32	11	-232.075074
34	11	-261.079895
36	11	-291.315521
38	11	-317.725921
40	11	-343.791107
42	11	-360.718689
44	11	-359.35675
46	11	-331.49176
48	11	-282.787536
50	11	-219.085022
52	11	-142.022949
54	11	-50.16626
56	11	50.094361
58	11	171.646484
60	11	279.346557
62	11	348.983643
64	11	397.183838
66	11	491.363281
68	11	610.532227
70	11	709.868652
72	11	797.555908
74	11	857.455078
76	11	867.135254
78	11	824.464356
80	11	726.281738
82	11	560.378907
84	11	396.937989
86	11	343.848144
88	11	404.825195
90	11	534.577637
92	11	678.10498
94	11	814.807618
96	11	986.780762
98	11	1136.625
100	11	1223.998535
102	11	1150.871093
104	11	903.156739
106	11	548.136231
108	11	151.725585
110	11	-92.791992
112	11	-105.014648
114	11	96.161621
116	11	381.950684
118	11	608.472657
120	11	743.06836
122	11	725.228516
124	11	626.379394
126	11	624.608398
128	11	711.276856
130	11	684.286132
132	11	587.660644
134	11	464.637696
136	11	331.049805
138	11	270.797363
140	11	257.263184
142	11	171.340576
144	11	9.101929
146	11	-175.678406
148	11	-416.703032
150	11	-622.81041
152	11	-703.99707
154	11	-609.364624
156	11	-569.06543
158	11	-602.222656
160	11	-704.212158
162	11	-846.558106
164	11	-913.766114
166	11	-784.175293
168	11	-533.302734
170	11	-229.560059
172	11	21.5
174	11	100.712891
176	11	-36.012696
178	11	-326.972656
180	11	-662.754883
182	11	-945.766602
184	11	-1079.705078
186	11	-1018.844726
188	11	-825.853516
190	11	-656.003906
192	11	-612.923828
194	11	-664.814454
196	11	-730.479492
198	11	-741.526367
200	11	-674.877442
202	11	-578.789063
204	11	-505.242675
206	11	-438.005371
208	11	-393.956788
210	11	-370.587403
212	11	-336.71582
214	11	-250.814209
216	11	-172.74707
218	11	-104.323608
220	11	-41.505493
222	11	-9.984131
224	11	-4.925537
226	11	-2.539307
228	11	-2.46875
230	11	-11.488037
232	11	-26.348938
234	11	-45.716187
236	11	-57.497924
238	11	-48.28653
240	11	-25.244384
242	11	-7.66626
244	11	-0.673157
246	11	-4.375915
248	11	-18.502075
250	11	-38.905945
252	11	-55.479767
254	11	-60.497711
256	11	-51.545616
258	11	-29.173828
260	11	-5.815384
262	11	9.285668
264	11	14.892959
266	11	15.974914
268	11	16.62986
270	11	16.950699
272	11	15.372457
274	11	11.035144
276	11	5.361763
278	11	-0.110374
0	12	-1.4556
2	12	4.019577
4	12	9.374549
6	12	10.72018
8	12	12.934272
10	12	7.270034
12	12	-9.918847
14	12	-32.337265
16	12	-53.889145
18	12	-75.795852
20	12	-97.498687
22	12	-113.768265
24	12	-127.082534
26	12	-146.164169
28	12	-171.062256
30	12	-200.624756
32	12	-228.131134
34	12	-256.036042
36	12	-285.097381
38	12	-313.931274
40	12	-342.16748
42	12	-360.235229
44	12	-363.11261
46	12	-342.923584
48	12	-297.443726
50	12	-235.468872
52	12	-160.284973
54	12	-72.347717
56	12	22.99768
58	12	135.156128
60	12	238.153442
62	12	313.436158
64	12	357.381836
66	12	417.036621
68	12	513.522461
70	12	618.644776
72	12	722.172363
74	12	806.161377
76	12	831.024414
78	12	784.160157
80	12	672.5542
82	12	493.377441
84	12	323.148926
86	12	275.844727
88	12	352.50293
90	12	488.3125
92	12	631.774902
94	12	754.386719
96	12	906.016602
98	12	1017.5625
100	12	1055.652832
102	12	947.193848
104	12	702.291992
106	12	349.704102
108	12	-12.263671
110	12	-225.268066
112	12	-218.02002
114	12	17.421875
116	12	370.297851
118	12	658.700684
120	12	814.254882
122	12	799.97461
124	12	716.538086
126	12	684.154296
128	12	667.513184
130	12	590.461426
132	12	480.381347
134	12	354.181397
136	12	256.869141
138	12	242.294434
140	12	272.472412
142	12	262.022217
144	12	135.932861
146	12	-105.133057
148	12	-405.24
150	12	-589.69487
152	12	-623.588623
154	12	-556.122071
156	12	-513.692139
158	12	-513.516357
160	12	-578.484375
162	12	-727.701172
164	12	-820.737304
166	12	-726.819824
168	12	-508.125
170	12	-248.571289
172	12	-13.349609
174	12	47.428711
176	12	-114.126954
178	12	-417.529297
180	12	-737.050781
182	12	-931.180664
184	12	-962.152343
186	12	-836.983399
188	12	-647.954102
190	12	-533.65332
192	12	-551.90039
194	12	-634.98291
196	12	-704.936036
198	12	-706.703125
200	12	-630.335938
202	12	-528.418457
204	12	-443.817382
206	12	-378.503418
208	12	-344.776368
210	12	-337.270996
212	12	-313.062012
214	12	-243.499023
216	12	-169.321289
218	12	-100.269165
220	12	-43.192871
222	12	-23.506835
224	12	-21.575439
226	12	-13.687012
228	12	-6.51001
230	12	-11.893127
232	12	-26.164795
234	12	-48.29068
236	12	-57.102661
238	12	-44.682099
240	12	-22.722503
242	12	-7.201721
244	12	-0.794556
246	12	-4.546951
248	12	-18.449493
250	12	-36.952301
252	12	-52.095771
254	12	-57.014237
256	12	-48.241272
258	12	-26.835243
260	12	-4.38108
262	12	10.237884
264	12	15.596763
266	12	16.254311
268	12	15.52401
270	12	15.475315
272	12	14.908389
274	12	11.648871
276	12	6.098656
278	12	0.109443
0	13	-1.197785
2	13	4.159591
4	13	8.840393
6	13	10.0248
8	13	12.271263
10	13	6.665947
12	13	-10.200226
14	13	-32.181206
16	13	-52.91864
18	13	-74.101852
20	13	-95.135635
22	13	-112.651444
24	13	-127.747924
26	13	-145.306274
28	13	-168.306457
30	13	-195.840545
32	13	-222.869354
34	13	-249.979339
36	13	-277.021118
38	13	-304.068756
40	13	-332.317505
42	13	-353.827911
44	13	-360.993744
46	13	-344.714966
48	13	-301.750732
50	13	-242.823547
52	13	-170.564637
54	13	-86.704651
56	13	0.887757
58	13	101.666748
60	13	201.9646
62	13	275.958374
64	13	326.228638
66	13	378.7854
68	13	444.27002
70	13	524.537354
72	13	634.525146
74	13	733.582031
76	13	776.791016
78	13	721.141846
80	13	600.716065
82	13	421.928222
84	13	255.379882
86	13	215.104981
88	13	309.259277
90	13	435.243164
92	13	565.813477
94	13	677.605468
96	13	809.216797
98	13	877.365234
100	13	867.921387
102	13	735.279785
104	13	511.385254
106	13	190.194824
108	13	-108.524414
110	13	-293.100098
112	13	-269.388184
114	13	-25.61377
116	13	339.105957
118	13	654.788574
120	13	817.112793
122	13	847.14209
124	13	793.578614
126	13	709.239258
128	13	608.188965
130	13	476.706543
132	13	348.00293
134	13	234.125733
136	13	171.678467
138	13	185.11792
140	13	247.653076
142	13	298.092407
144	13	180.644165
146	13	-88.437805
148	13	-387.076065
150	13	-538.588623
152	13	-532.665405
154	13	-504.110351
156	13	-506.133056
158	13	-491.371826
160	13	-500.370849
162	13	-610.136231
164	13	-679.381836
166	13	-581.332031
168	13	-379.526856
170	13	-153.719238
172	13	51.70166
174	13	85.047851
176	13	-109.297363
178	13	-440.90332
180	13	-750.932617
182	13	-901.541016
184	13	-863.807617
186	13	-677.793945
188	13	-484.396485
190	13	-419.508789
192	13	-485.495605
194	13	-591.330566
196	13	-658.944824
198	13	-648.463867
200	13	-565.402832
202	13	-461.419434
204	13	-379.92334
206	13	-328.650146
208	13	-311.545899
210	13	-315.625488
212	13	-294.619385
214	13	-235.336914
216	13	-161.174682
218	13	-98.756713
220	13	-51.45752
222	13	-35.569946
224	13	-28.33136
226	13	-14.721619
228	13	-5.976929
230	13	-10.543396
232	13	-26.83612
234	13	-49.453613
236	13	-54.542755
238	13	-41.039886
240	13	-21.001435
242	13	-7.147186
244	13	-1.23555
246	13	-4.693603
248	13	-17.449432
250	13	-34.460663
252	13	-48.641556
254	13	-53.235298
256	13	-44.706733
258	13	-24.526451
260	13	-3.267098
262	13	10.685356
264	13	15.891663
266	13	16.335305
268	13	14.770565
270	13	13.456427
272	13	13.102611
274	13	10.897197
276	13	5.718842
278	13	0.052658
0	14	-1.135065
2	14	3.586796
4	14	7.366733
6	14	8.292805
8	14	11.150383
10	14	5.90097
12	14	-10.289986
14	14	-31.10688
16	14	-50.697617
18	14	-71.640152
20	14	-92.439987
22	14	-109.597733
24	14	-124.961303
26	14	-143.806519
28	14	-166.808365
30	14	-192.738282
32	14	-218.988312
34	14	-244.483643
36	14	-269.766968
38	14	-295.313416
40	14	-321.949402
42	14	-343.320404
44	14	-352.372986
46	14	-338.025543
48	14	-299.105652
50	14	-244.130798
52	14	-175.946595
54	14	-95.752686
56	14	-15.447876
58	14	72.202637
60	14	165.05072
62	14	242.842652
64	14	296.962525
66	14	339.959595
68	14	403.699951
70	14	467.580811
72	14	543.484863
74	14	637.371826
76	14	696.858155
78	14	673.847413
80	14	550.628418
82	14	364.827637
84	14	200.383056
86	14	153.847656
88	14	226.714843
90	14	361.487793
92	14	503.967774
94	14	599.844238
96	14	692.857422
98	14	726.930176
100	14	682.759278
102	14	537.049805
104	14	327.601562
106	14	64.185547
108	14	-173.375976
110	14	-331.320801
112	14	-298.526367
114	14	-58.493164
116	14	295.759278
118	14	614.470215
120	14	796.661377
122	14	858.132813
124	14	790.008057
126	14	655.515869
128	14	505.958496
130	14	346.112305
132	14	218.4375
134	14	117.452149
136	14	77.34375
138	14	114.665527
140	14	198.188232
142	14	286.780762
144	14	194.916626
146	14	-75.454895
148	14	-346.799896
150	14	-469.555786
152	14	-448.265441
154	14	-449.741699
156	14	-496.916504
158	14	-482.776123
160	14	-461.338623
162	14	-515.777099
164	14	-542.140381
166	14	-440.613769
168	14	-249.230957
170	14	-64.245606
172	14	96.161133
174	14	104.775391
176	14	-74.989746
178	14	-368.176758
180	14	-657.467285
182	14	-790.42041
184	14	-731.34082
186	14	-541.24414
188	14	-369.763183
190	14	-329.916992
192	14	-420.279296
194	14	-541.134766
196	14	-598.238769
198	14	-581.287598
200	14	-491.84375
202	14	-388.916015
204	14	-328.393798
206	14	-299.212891
208	14	-301.265625
210	14	-296.831787
212	14	-271.71582
214	14	-223.7146
216	14	-158.11914
218	14	-101.538086
220	14	-60.301758
222	14	-40.193725
224	14	-24.079528
226	14	-10.188782
228	14	-4.395386
230	14	-10.536133
232	14	-27.871612
234	14	-49.269776
236	14	-52.010163
238	14	-38.565613
240	14	-20.631195
242	14	-7.773011
244	14	-1.829605
246	14	-4.526673
248	14	-15.937302
250	14	-32.01757
252	14	-45.559334
254	14	-49.816971
256	14	-41.61406
258	14	-22.443093
260	14	-2.32927
262	14	10.730606
264	14	15.74929
266	14	16.377144
268	14	14.511066
270	14	12.293276
272	14	11.590752
274	14	10.088906
276	14	5.404358
278	14	-0.042153
0	15	-1.546335
2	15	2.672475
4	15	5.746994
6	15	6.731186
8	15	10.473293
10	15	6.225144
12	15	-9.286102
14	15	-29.507828
16	15	-48.593704
18	15	-69.20842
20	15	-90.049179
22	15	-106.931228
24	15	-121.801056
26	15	-140.573654
28	15	-162.677062
30	15	-186.039047
32	15	-210.291122
34	15	-234.947998
36	15	-260.04541
38	15	-285.342682
40	15	-310.802246
42	15	-330.712708
44	15	-339.242401
46	15	-326.92099
48	15	-292.035156
50	15	-241.585571
52	15	-177.816101
54	15	-102.64148
56	15	-27.314331
58	15	52.032654
60	15	133.674499
62	15	206.664062
64	15	265.161011
66	15	303.760376
68	15	358.599243
70	15	422.260009
72	15	481.259278
74	15	553.923584
76	15	618.484619
78	15	623.523438
80	15	512.434326
82	15	346.314697
84	15	192.134033
86	15	121.882081
88	15	163.220215
90	15	291.293702
92	15	438.265136
94	15	521.193847
96	15	572.562988
98	15	573.647461
100	15	511.902344
102	15	363.675781
104	15	172.210938
106	15	-25.692871
108	15	-206.576172
110	15	-342.127686
112	15	-305.467529
114	15	-80.04834
116	15	256.456787
118	15	571.478027
120	15	761.502685
122	15	824.391358
124	15	739.886963
126	15	575.625976
128	15	405.089843
130	15	242.204346
132	15	121.884765
134	15	26.872315
136	15	-5.070557
138	15	37.602539
140	15	128.741943
142	15	239.254638
144	15	198.026367
146	15	-59.161346
148	15	-316.687767
150	15	-411.309357
152	15	-370.574402
154	15	-363.736572
156	15	-440.406372
158	15	-450.124512
160	15	-421.446045
162	15	-435.177002
164	15	-432.80835
166	15	-345.075195
168	15	-166.037598
170	15	11.212402
172	15	124.302247
174	15	86.941894
176	15	-86.41455
178	15	-329.721679
180	15	-548.085449
182	15	-637.813476
184	15	-562.31543
186	15	-389.72998
188	15	-257.846191
190	15	-253.976563
192	15	-353.557129
194	15	-472.060059
196	15	-520.81836
198	15	-490.510742
200	15	-403.879883
202	15	-325.804199
204	15	-296.526123
206	15	-291.510742
208	15	-287.32251
210	15	-273.050537
212	15	-250.396118
214	15	-213.831055
216	15	-157.724976
218	15	-104.854126
220	15	-64.287597
222	15	-38.32489
224	15	-20.157654
226	15	-8.714661
228	15	-6.108032
230	15	-13.048432
232	15	-28.465545
234	15	-46.899628
236	15	-48.307251
238	15	-36.012177
240	15	-20.564423
242	15	-8.578583
244	15	-2.35495
246	15	-4.149887
248	15	-14.463028
250	15	-29.867905
252	15	-42.885773
254	15	-46.75158
256	15	-38.792267
258	15	-20.635986
260	15	-1.612564
262	15	10.779785
264	15	15.499382
266	15	16.139565
268	15	14.491639
270	15	11.98006
272	15	10.953028
274	15	9.699777
276	15	5.470181
278	15	-0.074011
0	16	-2.077792
2	16	1.762002
4	16	4.216134
6	16	5.518759
8	16	9.643925
10	16	5.961555
12	16	-9.759544
14	16	-29.354477
16	16	-47.319855
18	16	-66.84111
20	16	-86.542771
22	16	-102.573898
24	16	-116.656876
26	16	-134.733322
28	16	-156.284119
30	16	-177.962051
32	16	-199.914429
34	16	-223.273681
36	16	-248.083817
38	16	-272.486054
40	16	-297.047333
42	16	-316.073211
44	16	-323.883576
46	16	-311.995422
48	16	-280.009063
50	16	-234.292999
52	16	-175.505859
54	16	-105.598083
56	16	-34.234619
58	16	39.778991
60	16	111.898864
62	16	173.012757
64	16	227.969605
66	16	270.368897
68	16	311.795899
70	16	371.33667
72	16	432.074952
74	16	489.471679
76	16	546.538086
78	16	567.972656
80	16	485.332763
82	16	330.434326
84	16	182.846924
86	16	107.973388
88	16	129.105713
90	16	236.258057
92	16	352.777588
94	16	408.913086
96	16	440.487304
98	16	422.202148
100	16	337.266114
102	16	193.469727
104	16	42.269043
106	16	-84.807373
108	16	-219.608887
110	16	-341.347168
112	16	-302.238525
114	16	-86.020508
116	16	232.563477
118	16	520.288086
120	16	694.594482
122	16	752.486572
124	16	660.97168
126	16	490.318603
128	16	312.625732
130	16	153.986572
132	16	39.319336
134	16	-50.049561
136	16	-78.584961
138	16	-35.02832
140	16	53.483887
142	16	173.8479
144	16	171.567444
146	16	-54.083679
148	16	-284.584511
150	16	-353.271698
152	16	-295.231567
154	16	-274.820679
156	16	-349.087525
158	16	-383.667114
160	16	-360.865723
162	16	-350.400147
164	16	-331.213379
166	16	-257.853027
168	16	-96.868653
170	16	71.983887
172	16	146.613769
174	16	87.148926
176	16	-77.561523
178	16	-277.950195
180	16	-438.953125
182	16	-482.475586
184	16	-392.539063
186	16	-252.234375
188	16	-161.119629
190	16	-164.219239
192	16	-253.007813
194	16	-356.722168
196	16	-403.136718
198	16	-379.664063
200	16	-327.012695
202	16	-289.940674
204	16	-281.073242
206	16	-269.17334
208	16	-261.735108
210	16	-246.067994
212	16	-224.918213
214	16	-197.578491
216	16	-150.330078
218	16	-101.142456
220	16	-61.057373
222	16	-36.060913
224	16	-19.513061
226	16	-9.911927
228	16	-8.580627
230	16	-15.142304
232	16	-28.002777
234	16	-43.705719
236	16	-44.38446
238	16	-33.118195
240	16	-19.818436
242	16	-8.716308
244	16	-2.510162
246	16	-3.886978
248	16	-13.61145
250	16	-28.313659
252	16	-40.58081
254	16	-44.027176
256	16	-36.275269
258	16	-19.050766
260	16	-0.953125
262	16	10.909683
264	16	15.378883
266	16	15.871116
268	16	14.216739
270	16	11.889315
272	16	10.887484
274	16	9.596583
276	16	5.515747
278	16	-0.082013
0	17	-2.544315
2	17	0.619097
4	17	2.509201
6	17	4.242157
8	17	8.655095
10	17	5.188393
12	17	-9.985885
14	17	-28.54528
16	17	-45.61779
18	17	-64.203773
20	17	-82.804306
22	17	-98.117279
24	17	-111.703034
26	17	-128.699265
28	17	-149.283265
30	17	-170.760895
32	17	-192.070922
34	17	-214.695038
36	17	-238.645325
38	17	-261.708435
40	17	-283.942963
42	17	-301.667969
44	17	-307.898437
46	17	-295.726654
48	17	-265.658569
50	17	-222.754119
52	17	-168.541534
54	17	-104.859253
56	17	-39.50122
58	17	27.337708
60	17	90.335754
62	17	148.351196
64	17	197.617615
66	17	240.754883
68	17	283.628418
70	17	323.707641
72	17	372.869873
74	17	438.981445
76	17	491.931641
78	17	503.83252
80	17	433.206299
82	17	298.83667
84	17	164.971924
86	17	101.448975
88	17	123.507813
90	17	212.078125
92	17	301.998535
94	17	341.163574
96	17	349.413574
98	17	311.348388
100	17	205.468018
102	17	72.872314
104	17	-16.575195
106	17	-82.597168
108	17	-203.938232
110	17	-312.175781
112	17	-261.209717
114	17	-62.594971
116	17	222.766845
118	17	481.00415
120	17	632.593262
122	17	672.323243
124	17	582.205811
126	17	415.955322
128	17	245.25
130	17	96.612305
132	17	-9.336182
134	17	-87.955322
136	17	-118.367188
138	17	-91.016114
140	17	-11.817505
142	17	117.170288
144	17	139.934387
146	17	-45.111756
148	17	-232.639592
150	17	-274.884705
152	17	-217.866333
154	17	-208.03186
156	17	-277.65979
158	17	-311.998291
160	17	-291.664307
162	17	-271.972168
164	17	-243.793213
166	17	-179.529541
168	17	-42.723389
170	17	101.456543
172	17	158.334473
174	17	95.870117
176	17	-59.997559
178	17	-230.635742
180	17	-353.308594
182	17	-369.977539
184	17	-283.687989
186	17	-156.51709
188	17	-69.707031
190	17	-72.970703
192	17	-151.643066
194	17	-244.027832
196	17	-298.117676
198	17	-291.308594
200	17	-272.520263
202	17	-266.776123
204	17	-257.588867
206	17	-242.251221
208	17	-232.204346
210	17	-216.410278
212	17	-204.358399
214	17	-182.378418
216	17	-138.083862
218	17	-92.545288
220	17	-56.675781
222	17	-34.241699
224	17	-18.80481
226	17	-9.953553
228	17	-9.288177
230	17	-15.856689
232	17	-27.257599
234	17	-40.900177
236	17	-41.224427
238	17	-30.777893
240	17	-18.967041
242	17	-8.603927
244	17	-2.618775
246	17	-4.021851
248	17	-13.222595
250	17	-26.909851
252	17	-38.328789
254	17	-41.477035
256	17	-34.07196
258	17	-17.670792
260	17	-0.394196
262	17	11.036926
264	17	15.41687
266	17	15.796871
268	17	13.950672
270	17	11.482153
272	17	10.647259
274	17	9.502466
276	17	5.464532
278	17	-0.049374
0	18	-3.274271
2	18	-1.004004
4	18	1.163156
6	18	3.656044
8	18	8.155941
10	18	4.763695
12	18	-9.745301
14	18	-27.459869
16	18	-43.983215
18	18	-61.83313
20	18	-79.65754
22	18	-94.490966
24	18	-107.694153
26	18	-123.644836
28	18	-143.227158
30	18	-164.27832
32	18	-184.996048
34	18	-205.882355
36	18	-227.284027
38	18	-248.942902
40	18	-270.889191
42	18	-287.89148
44	18	-294.625733
46	18	-284.963837
48	18	-257.478302
50	18	-217.342896
52	18	-167.716705
54	18	-109.464478
56	18	-50.013306
58	18	10.939087
60	18	69.285889
62	18	121.779969
64	18	170.841492
66	18	216.060181
68	18	261.400391
70	18	302.216065
72	18	335.107178
74	18	377.691284
76	18	437.699707
78	18	460.209717
80	18	397.552491
82	18	272.718994
84	18	150.215576
86	18	96.466797
88	18	124.185303
90	18	203.720703
92	18	277.722413
94	18	301.647705
96	18	285.02124
98	18	230.771484
100	18	119.308838
102	18	-0.550537
104	18	-51.932129
106	18	-77.249756
108	18	-178.852295
110	18	-272.891601
112	18	-224.429443
114	18	-52.978272
116	18	201.295654
118	18	432.621094
120	18	560.133789
122	18	582.875976
124	18	494.524903
126	18	344.227783
128	18	193.347901
130	18	70.713623
132	18	-16.293213
134	18	-87.412353
136	18	-130.936768
138	18	-117.463135
140	18	-41.54541
142	18	86.371948
144	18	116.148376
146	18	-38.628097
148	18	-175.492202
150	18	-186.661011
152	18	-136.597656
154	18	-151.965271
156	18	-227.015503
158	18	-258.825439
160	18	-242.591431
162	18	-215.842041
164	18	-177.906983
166	18	-117.009277
168	18	4.17041
170	18	118.379882
172	18	156.093506
174	18	89.772705
176	18	-58.757813
178	18	-211.569824
180	18	-301.878418
182	18	-285.823731
184	18	-180.666504
186	18	-70.053711
188	18	-16.221192
190	18	-35.354492
192	18	-107.506836
194	18	-174.071777
196	18	-218.783203
198	18	-231.845214
200	18	-229.547852
202	18	-229.891357
204	18	-225.477784
206	18	-214.085938
208	18	-206.357544
210	18	-195.649658
212	18	-186.101074
214	18	-164.882202
216	18	-124.602661
218	18	-84.824158
220	18	-53.156982
222	18	-32.381409
224	18	-17.910339
226	18	-9.500916
228	18	-9.077973
230	18	-15.448395
232	18	-26.02002
234	18	-38.254577
236	18	-38.521286
238	18	-29.042449
240	18	-18.261993
242	18	-8.63562
244	18	-3.059921
246	18	-4.275055
248	18	-12.872581
250	18	-25.600952
252	18	-36.189713
254	18	-39.02655
256	18	-31.984314
258	18	-16.379684
260	18	0.090027
262	18	11.125481
264	18	15.443879
266	18	15.828163
268	18	13.923683
270	18	11.15102
272	18	10.061943
274	18	9.119505
276	18	5.325423
278	18	-0.032769
0	19	-3.947355
2	19	-1.711769
4	19	1.097603
6	19	3.817554
8	19	7.910381
10	19	4.522022
12	19	-9.392708
14	19	-26.557617
16	19	-42.642487
18	19	-59.903587
20	19	-77.098045
22	19	-91.45996
24	19	-104.316673
26	19	-119.525894
28	19	-138.005295
30	19	-157.998581
32	19	-177.631302
34	19	-196.463913
36	19	-215.346359
38	19	-235.187652
40	19	-256.259247
42	19	-273.053116
44	19	-281.454071
46	19	-275.501739
48	19	-252.249787
50	19	-216.553375
52	19	-170.764465
54	19	-116.507385
56	19	-60.586792
58	19	-1.210938
60	19	54.980102
62	19	102.421265
64	19	142.016907
66	19	179.950744
68	19	223.509643
70	19	267.767701
72	19	305.516967
74	19	342.294555
76	19	383.72876
78	19	403.675903
80	19	360.35205
82	19	261.92041
84	19	151.251221
86	19	99.59375
88	19	123.834961
90	19	195.61084
92	19	259.165528
94	19	281.61084
96	19	267.517822
98	19	201.566406
100	19	89.610352
102	19	-18.307374
104	19	-56.145508
106	19	-71.948731
108	19	-157.46753
110	19	-255.109863
112	19	-220.432129
114	19	-71.170166
116	19	150.683472
118	19	347.738403
120	19	457.035888
122	19	474.281861
124	19	402.122803
126	19	282.658447
128	19	165.312256
130	19	60.086182
132	19	-18.987671
134	19	-85.471069
136	19	-130.025513
138	19	-124.047242
140	19	-56.172242
142	19	60.243164
144	19	89.837311
146	19	-37.299881
148	19	-136.380171
150	19	-130.956085
152	19	-82.06665
154	19	-104.844177
156	19	-186.467774
158	19	-222.837036
160	19	-209.655884
162	19	-171.823853
164	19	-126.163452
166	19	-65.020508
168	19	48.970947
170	19	139.64624
172	19	155.320557
174	19	78.055909
176	19	-62.518555
178	19	-182.034668
180	19	-236.201416
182	19	-201.051758
184	19	-113.257812
186	19	-26.585937
188	19	0.78418
190	19	-19.426269
192	19	-64.307129
194	19	-116.472413
196	19	-153.488037
198	19	-164.481689
200	19	-177.020507
202	19	-197.549805
204	19	-200.5979
206	19	-191.750854
208	19	-186.950927
210	19	-175.76001
212	19	-165.264038
214	19	-146.779541
216	19	-113.300476
218	19	-78.829041
220	19	-50.871521
222	19	-31.955078
224	19	-18.187195
226	19	-10.096802
228	19	-9.375123
230	19	-15.105622
232	19	-24.778808
234	19	-36.125641
236	19	-36.301727
238	19	-27.572006
240	19	-17.544083
242	19	-8.505111
244	19	-3.200088
246	19	-4.15065
248	19	-12.253738
250	19	-24.358994
252	19	-34.341881
254	19	-36.925979
256	19	-30.146637
258	19	-15.186279
260	19	0.540337
262	19	11.197289
264	19	15.430511
266	19	15.802566
268	19	13.908142
270	19	11.040598
272	19	9.800035
274	19	8.880546
276	19	5.239382
278	19	-0.067293
0	20	-3.732119
2	20	-1.296169
4	20	1.481744
6	20	3.965187
8	20	7.826588
10	20	4.590031
12	20	-8.862549
14	20	-25.633056
16	20	-41.351135
18	20	-58.128555
20	20	-74.786094
22	20	-88.731918
24	20	-101.163987
26	20	-115.798661
28	20	-133.308838
30	20	-151.888962
32	20	-169.83432
34	20	-186.820053
36	20	-203.645935
38	20	-221.253113
40	20	-240.688003
42	20	-257.303177
44	20	-266.564422
46	20	-262.230194
48	20	-241.904907
50	20	-209.43927
52	20	-166.681793
54	20	-115.525055
56	20	-62.321502
58	20	-6.1875
60	20	45.770569
62	20	87.633606
64	20	119.194275
66	20	147.963806
68	20	183.869385
70	20	222.27063
72	20	258.782593
74	20	291.871338
76	20	329.123413
78	20	349.088501
80	20	318.698242
82	20	239.155761
84	20	150.727417
86	20	101.974121
88	20	110.815186
90	20	158.110352
92	20	198.550293
94	20	205.144287
96	20	182.102539
98	20	126.298095
100	20	30.836426
102	20	-66.498047
104	20	-86.695557
106	20	-83.099853
108	20	-158.54834
110	20	-247.722534
112	20	-225.792115
114	20	-105.447754
116	20	78.544556
118	20	251.011596
120	20	353.340699
122	20	377.848511
124	20	329.490478
126	20	234.932495
128	20	126.695312
130	20	32.780762
132	20	-18.296265
134	20	-65.096802
136	20	-109.479492
138	20	-110.31372
140	20	-54.392395
142	20	48.174561
144	20	68.914002
146	20	-34.562225
148	20	-101.177708
150	20	-83.246322
152	20	-41.648072
154	20	-69.555115
156	20	-147.87677
158	20	-180.646057
160	20	-164.143432
162	20	-126.093506
164	20	-89.726562
166	20	-41.749634
168	20	54.891846
170	20	131.393067
172	20	132.421875
174	20	69.962891
176	20	-46.253906
178	20	-139.886963
180	20	-170.42041
182	20	-129.057129
184	20	-40.646241
186	20	37.477539
188	20	50.795898
190	20	16.139161
192	20	-22.916992
194	20	-56.373047
196	20	-85.559571
198	20	-114.268799
200	20	-143.96875
202	20	-167.553467
204	20	-173.918213
206	20	-169.85022
208	20	-163.938965
210	20	-152.577636
212	20	-144.924805
214	20	-130.877869
216	20	-103.752991
218	20	-73.707336
220	20	-48.671082
222	20	-31.430725
224	20	-18.515564
226	20	-10.525818
228	20	-9.543579
230	20	-14.945557
232	20	-23.697723
234	20	-34.202667
236	20	-34.226746
238	20	-26.052902
240	20	-16.590316
242	20	-8.087646
244	20	-3.036316
246	20	-3.84407
248	20	-11.472458
250	20	-23.004005
252	20	-32.573371
254	20	-35.092697
256	20	-28.597252
258	20	-14.180939
260	20	0.911881
262	20	11.220276
264	20	15.356796
266	20	15.691456
268	20	13.772114
270	20	10.895356
272	20	9.656799
274	20	8.769058
276	20	5.169704
278	20	-0.128557
0	21	-3.36542
2	21	-1.22046
4	21	1.608875
6	21	4.010567
8	21	7.897038
10	21	4.843822
12	21	-8.315887
14	21	-24.74353
16	21	-40.138
18	21	-56.470932
20	21	-72.643372
22	21	-86.238838
24	21	-98.210312
26	21	-112.219589
28	21	-128.739151
30	21	-146.002777
32	21	-162.361389
34	21	-177.736175
36	21	-192.896316
38	21	-208.493835
40	21	-226.223694
42	21	-242.170502
44	21	-251.217377
46	21	-247.204818
48	21	-228.312225
50	21	-197.996247
52	21	-158.299134
54	21	-110.601349
56	21	-61.083404
58	21	-8.846069
60	21	38.785767
62	21	76.069763
64	21	102.852295
66	21	124.461792
68	21	150.82196
70	21	179.948609
72	21	210.436524
74	21	243.862671
76	21	281.059326
78	21	302.747925
80	21	288.456054
82	21	233.62854
84	21	159.364502
86	21	109.349854
88	21	106.136474
90	21	138.52002
92	21	164.232056
94	21	153.807739
96	21	118.179321
98	21	70.74292
100	21	-1.207764
102	21	-75.18274
104	21	-78.54895
106	21	-51.249512
108	21	-97.933593
110	21	-162.985596
112	21	-150.332398
114	21	-65.350464
116	21	81.362426
118	21	216.125244
120	21	287.177246
122	21	302.223022
124	21	258.593994
126	21	173.996337
128	21	78.877442
130	21	-0.298218
132	21	-46.547729
134	21	-87.78418
136	21	-121.33728
138	21	-112.594666
140	21	-60.288452
142	21	23.255188
144	21	34.710846
146	21	-49.548493
148	21	-95.926445
150	21	-78.560898
152	21	-44.202332
154	21	-67.098755
156	21	-131.626892
158	21	-157.656311
160	21	-141.34076
162	21	-112.96167
164	21	-88.114746
166	21	-53.603637
168	21	34.06958
170	21	110.246338
172	21	120.446289
174	21	70.625488
176	21	-16.878418
178	21	-92.42041
180	21	-118.432861
182	21	-77.30835
184	21	8.57666
186	21	76.451416
188	21	83.181641
190	21	46.738769
192	21	11.973145
194	21	-15.932617
196	21	-47.442871
198	21	-83.54956
200	21	-118.013671
202	21	-143.222901
204	21	-151.706665
206	21	-148.506592
208	21	-142.563721
210	21	-133.298096
212	21	-127.788574
214	21	-117.080872
216	21	-93.942016
218	21	-67.608703
220	21	-45.497376
222	21	-29.907043
224	21	-17.859008
226	21	-10.255158
228	21	-9.159942
230	21	-14.344391
232	21	-22.494537
234	21	-32.126526
236	21	-31.868988
238	21	-24.05896
240	21	-15.206818
242	21	-7.400131
244	21	-2.743316
246	21	-3.516815
248	21	-10.69741
250	21	-21.686264
252	21	-30.899094
254	21	-33.411179
256	21	-27.218232
258	21	-13.34906
260	21	1.181221
262	21	11.150147
264	21	15.189796
266	21	15.494434
268	21	13.514976
270	21	10.636974
272	21	9.429432
274	21	8.604028
276	21	5.080557
278	21	-0.110799
0	22	-3.541935
2	22	-1.509605
4	22	1.552013
6	22	4.029808
8	22	7.949436
10	22	4.942383
12	22	-7.922493
14	22	-23.981285
16	22	-39.028305
18	22	-54.923164
20	22	-70.608208
22	22	-83.879013
24	22	-95.453888
26	22	-108.880142
28	22	-124.481674
30	22	-140.579239
32	22	-155.676864
34	22	-169.835098
36	22	-183.759934
38	22	-198.09523
40	22	-214.312103
42	22	-228.884033
44	22	-236.896225
46	22	-232.693496
48	22	-214.783127
50	22	-186.48938
52	22	-149.194916
54	22	-104.31192
56	22	-58.063476
58	22	-9.337066
60	22	34.61203
62	22	68.39215
64	22	91.688782
66	22	108.306946
68	22	127.76239
70	22	149.187317
72	22	170.57251
74	22	194.323975
76	22	224.329834
78	22	246.046631
80	22	237.007812
82	22	191.291504
84	22	130.525513
86	22	90.075561
88	22	90.431274
90	22	119.626587
92	22	143.849487
94	22	139.029053
96	22	115.598145
98	22	80.545654
100	22	19.040771
102	22	-45.312622
104	22	-51.301514
106	22	-31.220703
108	22	-73.395996
110	22	-128.888184
112	22	-113.665771
114	22	-45.333496
116	22	63.345581
118	22	166.054566
120	22	227.454712
122	22	244.665771
124	22	210.080688
126	22	138.844117
128	22	57.926147
130	22	-8.48645
132	22	-45.817871
134	22	-79.992248
136	22	-105.614991
138	22	-96.671692
140	22	-50.737671
142	22	20.349945
144	22	27.634002
146	22	-42.325363
148	22	-77.403854
150	22	-59.359909
152	22	-27.044464
154	22	-40.911285
156	22	-88.187988
158	22	-110.188537
160	22	-101.173035
162	22	-82.67163
164	22	-67.528076
166	22	-44.763062
168	22	27.44812
170	22	89.470092
172	22	98.179932
174	22	60.166382
176	22	-6.305908
178	22	-65.604736
180	22	-88.422363
182	22	-55.037841
184	22	18.215088
186	22	78.990234
188	22	86.518555
190	22	56.279541
192	22	25.988525
194	22	0.607422
196	22	-30.236817
198	22	-66.248779
200	22	-100.66565
202	22	-125.637451
204	22	-133.382202
206	22	-130.059814
208	22	-125.202392
210	22	-117.340699
212	22	-113.387329
214	22	-104.990173
216	22	-84.784851
218	22	-61.492492
220	22	-41.888428
222	22	-27.770568
224	22	-16.638855
226	22	-9.533813
228	22	-8.395264
230	22	-13.155548
232	22	-20.676392
234	22	-29.676513
236	22	-29.447601
238	22	-22.13031
240	22	-13.901139
242	22	-6.723648
244	22	-2.488495
246	22	-3.276352
248	22	-10.014541
250	22	-20.471283
252	22	-29.307496
254	22	-31.730827
256	22	-25.83316
258	22	-12.552773
260	22	1.421944
262	22	11.049987
264	22	15.014141
266	22	15.345611
268	22	13.360974
270	22	10.462599
272	22	9.227406
274	22	8.42982
276	22	4.983724
278	22	-0.051786
0	23	-3.726621
2	23	-1.612146
4	23	1.571212
6	23	4.018407
8	23	7.818161
10	23	4.807976
12	23	-7.674271
14	23	-23.286041
16	23	-37.94107
18	23	-53.392021
20	23	-68.606636
22	23	-81.518509
24	23	-92.756538
26	23	-105.675964
28	23	-120.453423
30	23	-135.464569
32	23	-149.365677
34	23	-162.397385
36	23	-175.373764
38	23	-188.761581
40	23	-203.473313
42	23	-216.35292
44	23	-223.257477
46	23	-218.974396
48	23	-202.065979
50	23	-175.487854
52	23	-140.224304
54	23	-97.848603
56	23	-54.509827
58	23	-9.227112
60	23	31.273681
62	23	61.987701
64	23	82.149597
66	23	95.191833
68	23	109.816773
70	23	125.745972
72	23	140.89978
74	23	156.995056
76	23	178.470215
78	23	194.384216
80	23	186.43927
82	23	148.750184
84	23	99.951965
86	23	67.566406
88	23	67.920898
90	23	92.320557
92	23	113.653809
94	23	113.497192
96	23	98.518799
98	23	71.489868
100	23	20.175171
102	23	-34.219483
104	23	-41.893677
106	23	-27.823486
108	23	-63.468262
110	23	-110.908448
112	23	-100.73346
114	23	-48.581604
116	23	35.21582
118	23	118.710022
120	23	173.37207
122	23	191.61908
124	23	167.936706
126	23	113.375
128	23	47.290528
130	23	-8.072327
132	23	-37.386047
134	23	-64.775756
136	23	-86.131042
138	23	-81.288269
140	23	-44.952301
142	23	12.944184
144	23	20.287704
146	23	-33.014817
148	23	-60.063393
150	23	-45.275483
152	23	-18.073791
154	23	-28.09552
156	23	-63.389374
158	23	-81.302857
160	23	-74.757996
162	23	-59.914673
164	23	-48.384704
166	23	-33.463501
168	23	20.878052
170	23	67.185913
172	23	73.526978
174	23	45.649536
176	23	-3.345947
178	23	-47.840576
180	23	-64.033203
182	23	-35.207886
184	23	23.646363
186	23	71.059082
188	23	76.438965
190	23	53.175781
192	23	29.76709
194	23	8.80957
196	23	-18.43628
198	23	-51.299683
200	23	-82.951538
202	23	-106.300293
204	23	-114.829224
206	23	-113.042358
208	23	-109.574462
210	23	-103.421203
212	23	-100.919982
214	23	-94.336731
216	23	-76.801941
218	23	-56.020691
220	23	-38.419312
222	23	-25.631348
224	23	-15.379334
226	23	-8.64209
228	23	-7.439087
230	23	-11.828613
232	23	-18.959106
234	23	-27.527802
236	23	-27.406708
238	23	-20.529709
240	23	-12.821503
242	23	-6.146072
244	23	-2.249511
246	23	-3.085388
248	23	-9.460075
250	23	-19.413169
252	23	-27.910805
254	23	-30.259583
256	23	-24.622887
258	23	-11.884545
260	23	1.574096
262	23	10.899414
264	23	14.818356
266	23	15.198288
268	23	13.236782
270	23	10.336247
272	23	9.054752
274	23	8.246473
276	23	4.873298
278	23	-0.036156
0	24	-3.641815
2	24	-1.547735
4	24	1.578273
6	24	3.932137
8	24	7.597039
10	24	4.639611
12	24	-7.455365
14	24	-22.610718
16	24	-36.851204
18	24	-51.850884
20	24	-66.6055
22	24	-79.148941
24	24	-90.040589
26	24	-102.426644
28	24	-116.379119
30	24	-130.339477
32	24	-143.115067
34	24	-155.028229
36	24	-166.966782
38	24	-179.324097
40	24	-192.831009
42	24	-204.544571
44	24	-210.670456
46	24	-206.328949
48	24	-190.186569
50	24	-164.95256
52	24	-131.58554
54	24	-91.662323
56	24	-51.026001
58	24	-8.897034
60	24	28.424743
62	24	56.109894
64	24	73.088654
66	24	82.809692
68	24	93.307556
70	24	104.705261
72	24	115.276367
74	24	126.43274
76	24	141.712341
78	24	152.666992
80	24	145.492431
82	24	115.69696
84	24	77.763672
86	24	52.492371
88	24	52.024048
90	24	70.138367
92	24	85.924011
94	24	85.777283
96	24	74.618957
98	24	54.13324
100	24	15.394592
102	24	-25.848511
104	24	-31.915161
106	24	-21.096618
108	24	-46.70813
110	24	-81.740906
112	24	-74.437256
114	24	-36.759095
116	24	24.461609
118	24	86.159546
120	24	127.345154
122	24	141.402588
124	24	124.122559
126	24	83.727783
128	24	34.258362
130	24	-7.380188
132	24	-28.813049
134	24	-48.878632
136	24	-64.419281
138	24	-60.928284
140	24	-34.091552
142	24	8.971557
144	24	14.810296
146	24	-24.040737
148	24	-44.110054
150	24	-33.657776
152	24	-13.585541
154	24	-20.546539
156	24	-45.768555
158	24	-58.82309
160	24	-53.965332
162	24	-42.722168
164	24	-34.70874
166	24	-24.988342
168	24	13.848999
170	24	47.588013
172	24	52.477539
174	24	32.683227
176	24	-2.482544
178	24	-34.7146
180	24	-46.546631
182	24	-25.316895
184	24	18.208252
186	24	53.587158
188	24	57.614868
190	24	40.514648
192	24	23.038086
194	24	6.994751
196	24	-14.327637
198	24	-40.697509
200	24	-66.778931
202	24	-87.026123
204	24	-95.853638
206	24	-95.990112
208	24	-94.38916
210	24	-90.27771
212	24	-89.097046
214	24	-84.133972
216	24	-69.159729
218	24	-50.867126
220	24	-35.181457
222	24	-23.651368
224	24	-14.263062
226	24	-7.948059
228	24	-6.72351
230	24	-10.773041
232	24	-17.563019
234	24	-25.748368
236	24	-25.701263
238	24	-19.200531
240	24	-11.920517
242	24	-5.655929
244	24	-2.010025
246	24	-2.86406
248	24	-8.955406
250	24	-18.47116
252	24	-26.659142
254	24	-28.971718
256	24	-23.602455
258	24	-11.370484
260	24	1.596725
262	24	10.653908
264	24	14.521942
266	24	14.926506
268	24	12.991668
270	24	10.118086
272	24	8.822714
274	24	8.02189
276	24	4.740784
278	24	-0.04209
0	25	-3.505851
2	25	-1.486608
4	25	1.531631
6	25	3.807524
8	25	7.365747
10	25	4.49379
12	25	-7.230446
14	25	-21.936783
16	25	-35.764778
18	25	-50.323471
20	25	-64.638473
22	25	-76.799599
24	25	-87.298462
26	25	-99.089676
28	25	-112.18277
30	25	-125.112999
32	25	-136.834076
34	25	-147.716461
36	25	-158.653793
38	25	-170.015457
40	25	-182.472443
42	25	-193.226181
44	25	-198.675964
46	25	-194.23938
48	25	-178.719543
50	25	-154.679184
52	25	-123.088027
54	25	-85.515319
56	25	-47.48761
58	25	-8.385071
60	25	25.894226
62	25	50.641602
64	25	64.574097
66	25	71.096008
68	25	77.73407
70	25	84.904693
72	25	91.243896
74	25	97.900818
76	25	107.548523
78	25	113.917603
80	25	107.183655
82	25	84.527954
84	25	56.588074
86	25	38.067383
88	25	37.280151
90	25	49.507934
92	25	59.755188
94	25	58.791992
96	25	50.466919
98	25	36.199158
100	25	10.193481
102	25	-17.105103
104	25	-21.000549
106	25	-13.778625
108	25	-30.279785
110	25	-52.954498
112	25	-48.177491
114	25	-23.750031
116	25	16.08609
118	25	56.369567
120	25	83.382629
122	25	92.528473
124	25	81.028229
126	25	54.455749
128	25	22.103363
130	25	-5.054078
132	25	-18.950348
134	25	-31.835816
136	25	-41.719879
138	25	-39.384415
140	25	-22.073044
142	25	5.665466
144	25	9.457634
146	25	-15.500375
148	25	-28.440472
150	25	-21.773368
152	25	-8.842041
154	25	-13.150818
156	25	-29.211502
158	25	-37.587005
160	25	-34.506225
162	25	-27.234131
164	25	-22.182526
166	25	-16.173035
168	25	8.578247
170	25	30.286072
172	25	33.562805
174	25	20.947571
176	25	-1.656677
178	25	-22.523803
180	25	-30.383484
182	25	-16.748901
184	25	11.847168
186	25	35.634521
188	25	38.779175
190	25	27.620239
192	25	15.869141
194	25	4.756713
196	25	-10.55188
198	25	-30.266113
200	25	-50.756714
202	25	-67.878784
204	25	-76.861328
206	25	-79.002075
208	25	-79.4198
210	25	-77.362976
212	25	-77.482178
214	25	-74.075867
216	25	-61.535645
218	25	-45.674255
220	25	-31.87442
222	25	-21.612275
224	25	-13.142853
226	25	-7.36026
228	25	-6.211608
230	25	-9.958435
232	25	-16.323852
234	25	-24.052277
236	25	-24.075989
238	25	-18.000167
240	25	-11.166504
242	25	-5.28511
244	25	-1.855545
246	25	-2.682312
248	25	-8.479866
250	25	-17.556739
252	25	-25.41407
254	25	-27.692688
256	25	-22.620811
258	25	-10.922798
260	25	1.556115
262	25	10.34446
264	25	14.13659
266	25	14.548675
268	25	12.661957
270	25	9.852039
272	25	8.573018
274	25	7.787368
276	25	4.605871
278	25	-0.036668
