0	1	5.475097
2	1	21.780925
4	1	41.549698
6	1	63.07871
8	1	82.5927
10	1	94.207028
12	1	97.966623
14	1	97.723282
16	1	96.098282
18	1	96.37962
20	1	104.746979
22	1	125.608975
24	1	165.810269
26	1	220.527809
28	1	283.12603
30	1	350.857872
32	1	412.768623
34	1	454.340671
36	1	475.124279
38	1	477.42281
40	1	461.485176
42	1	436.656052
44	1	412.039276
46	1	399.787231
48	1	407.606414
50	1	438.739349
52	1	498.454102
54	1	582.701965
56	1	685.466065
58	1	801.500733
60	1	1003.644531
62	1	1331.343384
64	1	2166.213623
66	1	3401.083007
68	1	4238.719116
70	1	4513.505371
72	1	4540.960449
74	1	4266.411866
76	1	3599.231751
78	1	2671.142639
80	1	1757.707886
82	1	1089.089782
84	1	747.28125
86	1	664.852295
88	1	706.073242
90	1	658.701172
92	1	420.547607
94	1	185.762207
96	1	119.416016
98	1	176.020507
100	1	256.469727
102	1	332.46582
104	1	400.109375
106	1	442.809082
108	1	442.618653
110	1	393.458496
112	1	301.281739
114	1	179.984619
116	1	54.542724
118	1	-43.869873
120	1	-88.567627
122	1	-67.019043
124	1	19.462891
126	1	161.235352
128	1	349.836425
130	1	574.837402
132	1	795.970215
134	1	937.271484
136	1	952.907959
138	1	864.132812
140	1	710.54541
142	1	518.143066
144	1	306.866333
146	1	98.38208
148	1	-85.354919
150	1	-227.343693
152	1	-317.952392
154	1	-359.168701
156	1	-369.326294
158	1	-376.080078
160	1	-400.777832
162	1	-453.464844
164	1	-538.627442
166	1	-650.343262
168	1	-766.022461
170	1	-854.046387
172	1	-887.801758
174	1	-856.310547
176	1	-772.669922
178	1	-672.410156
180	1	-591.083496
182	1	-536.871094
184	1	-495.22168
186	1	-463.25293
188	1	-457.191406
190	1	-474.221192
192	1	-479.243652
194	1	-441.577149
196	1	-367.898926
198	1	-291.114746
200	1	-234.662598
202	1	-205.253784
204	1	-201.226197
206	1	-205.91455
208	1	-193.716187
210	1	-160.310913
212	1	-121.682129
214	1	-90.278015
216	1	-72.256347
218	1	-66.906616
220	1	-63.187072
222	1	-45.859696
224	1	-25.370178
226	1	-14.711731
228	1	-14.322125
230	1	-30.001247
232	1	-50.762679
234	1	-61.140556
236	1	-59.035424
238	1	-49.84325
240	1	-38.923691
242	1	-28.84165
244	1	-20.857902
246	1	-16.103183
248	1	-15.537977
250	1	-18.909794
252	1	-24.381539
254	1	-29.142826
256	1	-31.329605
258	1	-30.625959
260	1	-27.940854
262	1	-23.757778
264	1	-18.263142
266	1	-12.888924
268	1	-8.068295
270	1	-3.96568
272	1	-0.694641
274	1	1.889277
276	1	3.682322
278	1	3.76183
0	2	9.88163
2	2	32.95028
4	2	59.425812
6	2	87.500792
8	2	113.550906
10	2	128.870632
12	2	132.219093
14	2	128.200138
16	2	121.08263
18	2	118.477985
20	2	126.871429
22	2	150.932499
24	2	197.329952
26	2	268.756844
28	2	356.700119
30	2	444.079422
32	2	510.669136
34	2	551.342705
36	2	572.554985
38	2	574.8516
40	2	559.6716
42	2	537.067917
44	2	518.779907
46	2	516.136445
48	2	537.018036
50	2	595.419861
52	2	708.306213
54	2	878.371155
56	2	1090.813111
58	2	1347.67627
60	2	1634.066894
62	2	2211.924804
64	2	3013.542968
66	2	4305.222656
68	2	5189.925048
70	2	5292.748413
72	2	5141.1604
74	2	4720.080444
76	2	3871.050293
78	2	2771.816773
80	2	1774.880615
82	2	1082.457153
84	2	698.207031
86	2	523.565918
88	2	442.284424
90	2	368.217773
92	2	242.467286
94	2	131.561524
96	2	117.140625
98	2	172.953125
100	2	242.888184
102	2	307.623536
104	2	361.099609
106	2	391.638183
108	2	384.054688
110	2	330.684082
112	2	235.629395
114	2	112.230957
116	2	-16.362792
118	2	-121.729492
120	2	-177.175781
122	2	-165.439941
124	2	-81.587891
126	2	66.13086
128	2	262.210449
130	2	485.440918
132	2	698.398437
134	2	842.709473
136	2	870.350098
138	2	785.214844
140	2	629.751953
142	2	443.743164
144	2	251.723389
146	2	71.021241
148	2	-83.487366
150	2	-198.788048
152	2	-266.808471
154	2	-292.756714
156	2	-295.856934
158	2	-298.867432
160	2	-317.004638
162	2	-355.052246
164	2	-412.689454
166	2	-487.357422
168	2	-571.697266
170	2	-647.320801
172	2	-686.041504
174	2	-668.104492
176	2	-603.285157
178	2	-527.331055
180	2	-475.582031
182	2	-457.996093
184	2	-462.743164
186	2	-479.484375
188	2	-508.858399
190	2	-544.292969
192	2	-558.753906
194	2	-527.329102
196	2	-456.969726
198	2	-377.769775
200	2	-314.662842
202	2	-279.155518
204	2	-271.318359
206	2	-271.746216
208	2	-251.578735
210	2	-208.772339
212	2	-164.001098
214	2	-131.055176
216	2	-113.864929
218	2	-107.015076
220	2	-96.173095
222	2	-70.199524
224	2	-38.443237
226	2	-22.293106
228	2	-28.934639
230	2	-52.443611
232	2	-73.189842
234	2	-80.341478
236	2	-74.717308
238	2	-62.112938
240	2	-47.919693
242	2	-35.320763
244	2	-26.153755
246	2	-21.434086
248	2	-21.682213
250	2	-26.152211
252	2	-32.349962
254	2	-37.231893
256	2	-38.774367
258	2	-36.738426
260	2	-32.235668
262	2	-26.363152
264	2	-19.848182
266	2	-13.94329
268	2	-8.657906
270	2	-3.86985
272	2	-0.13525
274	2	2.468315
276	2	4.104461
278	2	4.318623
0	3	11.585979
2	3	36.878315
4	3	65.635014
6	3	96.693744
8	3	124.05431
10	3	140.182148
12	3	144.58596
14	3	140.053993
16	3	130.404678
18	3	125.549891
20	3	130.58535
22	3	152.295535
24	3	202.106494
26	3	288.623444
28	3	401.218544
30	3	504.320816
32	3	572.827499
34	3	606.268219
36	3	615.283997
38	3	606.497848
40	3	583.356201
42	3	550.018646
44	3	516.114685
46	3	491.673737
48	3	482.188354
50	3	502.157104
52	3	563.041992
54	3	667.578552
56	3	793.640503
58	3	875.201661
60	3	899.228882
62	3	1077.747314
64	3	1912.990478
66	3	3287.048828
68	3	4217.59497
70	3	4552.769531
72	3	4514.891968
74	3	4045.973267
76	3	3164.839599
78	3	2173.743042
80	3	1365.376709
82	3	817.557983
84	3	492.947754
86	3	330.725098
88	3	277.011231
90	3	255.011718
92	3	204.344726
94	3	141.765625
96	3	120.628418
98	3	144.047363
100	3	186.172363
102	3	226.897949
104	3	260.053711
106	3	278.335449
108	3	268.100586
110	3	219.123535
112	3	132.379395
114	3	18.575195
116	3	-103.417481
118	3	-210.617188
120	3	-278.957032
122	3	-287.617676
124	3	-223.206055
126	3	-88.271484
128	3	96.521484
130	3	298.450683
132	3	482.01123
134	3	608.609375
136	3	639.86084
138	3	568.820313
140	3	431.962646
142	3	274.674316
144	3	125.12378
146	3	-2.777587
148	3	-99.458252
150	3	-156.410123
152	3	-172.169983
154	3	-160.483398
156	3	-144.308105
158	3	-142.497314
160	3	-162.998779
162	3	-203.77832
164	3	-258.676758
166	3	-320.2583
168	3	-377.707519
170	3	-412.541016
172	3	-403.698242
174	3	-346.478515
176	3	-266.125
178	3	-203.584961
180	3	-188.896485
182	3	-227.302734
184	3	-305.319336
186	3	-401.583984
188	3	-494.880859
190	3	-566.210938
192	3	-597.22998
194	3	-577.901367
196	3	-518.140137
198	3	-444.580078
200	3	-383.492676
202	3	-348.119385
204	3	-335.605469
206	3	-323.51538
208	3	-287.407959
210	3	-234.397827
212	3	-188.361694
214	3	-159.294556
216	3	-144.868897
218	3	-134.051514
220	3	-112.552978
222	3	-77.815795
224	3	-46.233551
226	3	-35.230346
228	3	-48.324844
230	3	-74.675766
232	3	-94.982086
234	3	-98.789528
236	3	-89.067646
238	3	-72.512172
240	3	-55.072521
242	3	-40.457496
244	3	-30.637184
246	3	-26.310344
248	3	-27.377441
250	3	-32.361618
252	3	-38.288639
254	3	-42.136025
256	3	-42.217549
258	3	-38.499996
260	3	-32.164375
262	3	-25.006989
264	3	-17.891029
266	3	-11.652069
268	3	-6.544464
270	3	-2.199341
272	3	1.163872
274	3	3.1788
276	3	4.128685
278	3	4.076416
0	4	13.503748
2	4	36.379402
4	4	62.327534
6	4	93.649419
8	4	122.157896
10	4	141.659904
12	4	150.137085
14	4	147.834739
16	4	138.805565
18	4	131.004361
20	4	129.926551
22	4	145.685247
24	4	191.392773
26	4	274.837526
28	4	384.819587
30	4	480.854194
32	4	541.823864
34	4	572.062149
36	4	576.821594
38	4	561.906188
40	4	532.16626
42	4	492.008667
44	4	449.253815
46	4	412.632141
48	4	383.427185
50	4	373.84021
52	4	396.873474
54	4	459.789734
56	4	541.464356
58	4	582.988159
60	4	539.205078
62	4	470.967407
64	4	695.336914
66	4	1634.829834
68	4	2724.270508
70	4	3214.983154
72	4	3130.817139
74	4	2782.04956
76	4	2255.231934
78	4	1642.254394
80	4	1101.436035
82	4	703.071289
84	4	438.07129
86	4	291.343262
88	4	243.847168
90	4	246.151367
92	4	236.638184
94	4	201.041992
96	4	164.397461
98	4	144.136231
100	4	139.632325
102	4	143.851074
104	4	150.238281
106	4	150.939941
108	4	132.951172
110	4	84.876465
112	4	5.490723
114	4	-97.299317
116	4	-208.858399
118	4	-310.908203
120	4	-382.893066
122	4	-404.447265
124	4	-359.109375
126	4	-244.271485
128	4	-79.14209
130	4	99.232422
132	4	252.585449
134	4	350.125976
136	4	369.148926
138	4	308.531738
140	4	197.925781
142	4	77.600097
144	4	-25.618897
146	4	-99.026977
148	4	-133.944397
150	4	-125.409714
152	4	-80.2146
154	4	-20.748536
156	4	25.427001
158	4	39.342773
160	4	16.574707
162	4	-34.487793
164	4	-99.346192
166	4	-161.094238
168	4	-199.733398
170	4	-193.701172
172	4	-132.640625
174	4	-33.368164
176	4	61.673828
178	4	108.473633
180	4	83.004883
182	4	-14.825195
184	4	-167.05957
186	4	-341.727539
188	4	-500.384765
190	4	-611.541015
192	4	-660.20459
194	4	-648.956054
196	4	-595.673828
198	4	-527.836914
200	4	-469.391113
202	4	-431.416748
204	4	-406.748291
206	4	-373.186524
208	4	-319.026855
210	4	-261.858398
212	4	-221.320679
214	4	-198.112793
216	4	-182.373047
218	4	-160.342286
220	4	-124.870056
222	4	-84.574646
224	4	-57.174713
226	4	-54.028473
228	4	-72.668777
230	4	-98.069596
232	4	-113.932728
234	4	-113.291325
236	4	-99.228081
238	4	-78.989224
240	4	-58.982079
242	4	-43.129265
244	4	-33.331902
246	4	-30.048187
248	4	-32.385548
250	4	-38.033912
252	4	-43.581615
254	4	-46.086613
256	4	-44.322658
258	4	-38.640804
260	4	-30.324494
262	4	-21.61316
264	4	-14.470512
266	4	-8.9114
268	4	-4.27916
270	4	-0.443604
272	4	2.018334
274	4	3.264879
276	4	3.625064
278	4	3.30006
0	5	17.766873
2	5	39.005012
4	5	62.491722
6	5	94.167173
8	5	123.709613
10	5	144.979168
12	5	155.231582
14	5	154.764885
16	5	147.393436
18	5	137.265269
20	5	129.586069
22	5	135.012398
24	5	167.616706
26	5	236.402937
28	5	328.343369
30	5	409.596157
32	5	461.058609
34	5	485.995185
36	5	489.60994
38	5	475.989319
40	5	448.856567
42	5	410.32837
44	5	364.964447
46	5	317.81134
48	5	272.327759
50	5	239.801391
52	5	234.859741
54	5	264.555664
56	5	308.126648
58	5	316.086792
60	5	256.427613
62	5	163.85669
64	5	152.355957
66	5	460.076904
68	5	1057.083252
70	5	1459.716064
72	5	1551.67871
74	5	1501.643555
76	5	1354.636963
78	5	1129.385498
80	5	876.574707
82	5	645.182862
84	5	461.789795
86	5	343.12915
88	5	296.644043
90	5	298.355957
92	5	307.555664
94	5	293.341797
96	5	253.063476
98	5	200.475097
100	5	152.249512
102	5	117.41211
104	5	91.772949
106	5	64.943848
108	5	25.578125
110	5	-34.586914
112	5	-115.447265
114	5	-209.638672
116	5	-305.233887
118	5	-388.323731
120	5	-444.072266
122	5	-457.981445
124	5	-417.317383
126	5	-316.965332
128	5	-169.458007
130	5	-8.257324
132	5	125.094727
134	5	198.719727
136	5	201.426758
138	5	143.666504
140	5	51.440185
142	5	-45.459717
144	5	-125.572999
146	5	-174.142456
148	5	-178.881287
150	5	-136.358154
152	5	-58.021301
154	5	31.5979
156	5	104.393066
158	5	139.032226
160	5	127.751464
162	5	78.945313
164	5	13.895997
166	5	-40.719238
168	5	-59.822265
170	5	-25.527344
172	5	61.848633
174	5	174.020508
176	5	263.511718
178	5	287.161133
180	5	222.153321
182	5	69.828125
184	5	-144.923828
186	5	-377.201172
188	5	-575.311524
190	5	-702.445312
192	5	-750.213867
194	5	-733.964844
196	5	-681.211914
198	5	-618.537109
200	5	-561.810059
202	5	-515.410645
204	5	-470.026123
206	5	-412.907959
208	5	-348.545654
210	5	-295.689941
212	5	-261.800537
214	5	-238.969971
216	5	-213.820434
218	5	-176.226563
220	5	-130.319763
222	5	-90.785095
224	5	-70.948883
226	5	-75.990814
228	5	-97.608551
230	5	-120.529846
232	5	-131.061806
234	5	-125.397178
236	5	-107.058854
238	5	-83.694572
240	5	-61.862633
242	5	-45.49276
244	5	-36.289177
246	5	-34.273941
248	5	-37.729908
250	5	-43.567844
252	5	-48.176086
254	5	-48.953629
256	5	-45.051502
258	5	-37.419777
260	5	-27.591767
262	5	-17.83458
264	5	-11.118622
266	5	-6.079033
268	5	-2.097954
270	5	0.772888
272	5	2.455067
274	5	2.952765
276	5	2.676938
278	5	2.157397
0	6	22.748439
2	6	44.355587
4	6	66.889912
6	6	98.34235
8	6	127.449206
10	6	148.973446
12	6	159.884712
14	6	161.256043
16	6	154.415558
18	6	141.602463
20	6	127.862093
22	6	123.185791
24	6	141.630894
26	6	189.009308
28	6	256.735474
30	6	317.600815
32	6	356.124008
34	6	374.522629
36	6	376.168152
38	6	364.414337
40	6	341.563934
42	6	307.856781
44	6	265.4328
46	6	215.383362
48	6	157.79132
50	6	106.03003
52	6	81.917908
54	6	93.454162
56	6	122.009705
58	6	132.111267
60	6	106.707214
62	6	48.35437
64	6	-39.262329
66	6	-65.175049
68	6	44.288085
70	6	235.216797
72	6	382.828125
74	6	488.048584
76	6	582.13794
78	6	635.76416
80	6	626.768066
82	6	565.73584
84	6	479.585937
86	6	404.240722
88	6	368.041504
90	6	370.233398
92	6	387.76123
94	6	389.240722
96	6	353.397949
98	6	285.905274
100	6	210.204101
102	6	145.068359
104	6	90.02539
106	6	34.495605
108	6	-30.094726
110	6	-106.893555
112	6	-192.117676
114	6	-276.604492
116	6	-349.756348
118	6	-403.114258
120	6	-430.60498
122	6	-426.633789
124	6	-383.621582
126	6	-294.617676
128	6	-164.687012
130	6	-19.905274
132	6	100.650391
134	6	165.166016
136	6	165.390136
138	6	114.043945
140	6	32.021729
142	6	-59.434326
144	6	-141.028809
146	6	-193.361207
148	6	-201.937256
150	6	-165.460999
152	6	-94.59845
154	6	-7.325805
156	6	73.782714
158	6	125.508056
160	6	131.955566
162	6	94.36377
164	6	35.442383
166	6	-10.151856
168	6	-14.100098
170	6	34.494141
172	6	126.545898
174	6	231.740235
176	6	305.573242
178	6	305.810547
180	6	207.78711
182	6	14.28711
184	6	-239.910156
186	6	-495.713867
188	6	-694.233399
190	6	-804.011719
192	6	-829.472656
194	6	-798.953126
196	6	-745.022949
198	6	-687.391601
200	6	-631.347656
202	6	-573.395997
204	6	-507.307129
206	6	-436.480957
208	6	-375.190674
210	6	-331.957764
212	6	-300.802734
214	6	-270.034058
216	6	-228.753662
218	6	-176.983642
220	6	-128.072876
222	6	-95.725525
224	6	-85.646668
226	6	-97.181732
228	6	-118.92746
230	6	-137.899719
232	6	-143.525563
234	6	-133.430264
236	6	-111.790554
238	6	-86.383507
240	6	-63.684838
242	6	-47.461418
244	6	-39.198365
246	6	-38.438912
248	6	-42.730709
250	6	-48.338627
252	6	-51.664944
254	6	-50.551864
256	6	-44.587143
258	6	-35.006225
260	6	-24.18409
262	6	-14.622254
264	6	-7.853608
266	6	-2.808784
268	6	0.39209
270	6	2.073593
272	6	2.630753
274	6	2.233837
276	6	1.385135
278	6	0.856918
0	7	27.160177
2	7	50.797711
4	7	72.770244
6	7	103.36816
8	7	131.714104
10	7	153.70145
12	7	165.102421
14	7	168.628669
16	7	160.828427
18	7	145.648533
20	7	128.873983
22	7	116.618637
24	7	121.592362
26	7	148.672188
28	7	189.446121
30	7	224.730285
32	7	244.818512
34	7	253.183258
36	7	252.308777
38	7	243.124206
40	7	226.470276
42	7	200.825836
44	7	164.058045
46	7	113.145203
48	7	48.372558
50	7	-13.060425
52	7	-46.337708
54	7	-39.420441
56	7	-6.396057
58	7	23.739563
60	7	33.544983
62	7	15.989746
64	7	-50.212037
66	7	-154.563477
68	7	-244.541504
70	7	-255.733398
72	7	-201.724854
74	7	-99.512207
76	7	59.15625
78	7	236.717285
80	7	371.702637
82	7	436.461914
84	7	440.914307
86	7	420.514161
88	7	411.156738
90	7	424.001465
92	7	447.347657
94	7	456.201661
96	7	426.368652
98	7	356.690918
100	7	268.297851
102	7	182.84668
104	7	105.228027
106	7	28.757324
108	7	-52.203613
110	7	-137.518554
112	7	-220.813965
114	7	-291.557617
116	7	-340.261719
118	7	-363.46582
120	7	-363.549805
122	7	-343.413575
124	7	-300.518066
126	7	-227.447754
128	7	-122.728516
130	7	-2.284668
132	7	103.983886
134	7	168.400879
136	7	180.46582
138	7	146.58374
140	7	80.433594
142	7	-1.854736
144	7	-80.515869
146	7	-134.940795
148	7	-155.464538
150	7	-146.420014
152	7	-114.429291
154	7	-62.491699
156	7	-0.54248
158	7	49.122559
160	7	63.618896
162	7	36.389649
164	7	-14.336426
166	7	-53.755371
168	7	-52.775879
170	7	-4.786133
172	7	75.90625
174	7	160.608398
176	7	211.458984
178	7	190.837891
180	7	75.118164
182	7	-131.125
184	7	-386.415039
186	7	-624.344726
188	7	-788.658203
190	7	-860.839844
192	7	-858.688477
194	7	-816.944336
196	7	-764.24414
198	7	-710.961426
200	7	-654.102539
202	7	-586.788575
204	7	-511.128418
206	7	-442.71167
208	7	-394.043945
210	7	-359.384034
212	7	-324.763916
214	7	-281.113282
216	7	-225.341675
218	7	-167.716796
220	7	-121.422241
222	7	-98.216247
224	7	-97.735107
226	7	-113.184204
228	7	-133.657303
230	7	-148.614686
232	7	-150.19252
234	7	-136.848027
236	7	-113.178879
238	7	-86.8899
240	7	-64.238571
242	7	-48.774559
244	7	-41.661812
246	7	-42.005936
248	7	-46.850208
250	7	-52.062755
252	7	-54.05167
254	7	-51.106987
256	7	-43.361557
258	7	-32.429176
260	7	-20.942306
262	7	-11.600327
264	7	-4.665863
266	7	0.087967
268	7	2.617325
270	7	3.402764
272	7	3.005893
274	7	1.881054
276	7	0.571375
278	7	-0.10417
0	8	30.307197
2	8	54.125847
4	8	74.381736
6	8	104.526608
8	8	132.808521
10	8	155.482796
12	8	168.181129
14	8	174.022835
16	8	165.879047
18	8	150.256923
20	8	132.650394
22	8	114.877464
24	8	107.566078
26	8	118.565567
28	8	135.803528
30	8	145.001129
32	8	143.614929
34	8	139.201904
36	8	132.602021
38	8	123.89682
40	8	112.733643
42	8	95.501832
44	8	65.924682
46	8	17.178101
48	8	-49.157409
50	8	-112.743958
52	8	-145.463684
54	8	-132.00322
56	8	-84.31131
58	8	-31.120575
60	8	8.477234
62	8	25.660583
64	8	3.608765
66	8	-71.71814
68	8	-186.459961
70	8	-283.889648
72	8	-328.406738
74	8	-302.625244
76	8	-189.000488
78	8	-15.95459
80	8	153.961426
82	8	274.677246
84	8	337.58789
86	8	365.958984
88	8	390.469726
90	8	423.486816
92	8	457.480468
94	8	472.959473
96	8	449.811035
98	8	384.241699
100	8	292.648438
102	8	195.960937
104	8	103.864257
106	8	15.527832
108	8	-71.315429
110	8	-154.898926
112	8	-228.175292
114	8	-281.229004
116	8	-306.738281
118	8	-305.011719
120	8	-283.98877
122	8	-252.612304
124	8	-213.041992
126	8	-159.235351
128	8	-85.007325
130	8	4.722656
132	8	92.916992
134	8	159.606934
136	8	192.10791
138	8	187.96289
140	8	151.765869
142	8	94.209229
144	8	33.931519
146	8	-11.642945
148	8	-41.395385
150	8	-66.360168
152	8	-88.292298
154	8	-93.305054
156	8	-75.966553
158	8	-52.404541
160	8	-44.831543
162	8	-63.077149
164	8	-97.254883
166	8	-123.146484
168	8	-119.506836
170	8	-84.246583
172	8	-32.579101
174	8	14.012695
176	8	31.836914
178	8	-4.249024
180	8	-113.510742
182	8	-293.203125
184	8	-505.19336
186	8	-688.537109
188	8	-797.666016
190	8	-827.392578
192	8	-803.949219
194	8	-760.101562
196	8	-714.77832
198	8	-669.493653
200	8	-616.746582
202	8	-551.782715
204	8	-484.203125
206	8	-431.824463
208	8	-397.841064
210	8	-366.557373
212	8	-324.559815
214	8	-269.784424
216	8	-207.761719
218	8	-150.318359
220	8	-110.561401
222	8	-96.685059
224	8	-103.552734
226	8	-120.981353
228	8	-140.235489
230	8	-152.104393
232	8	-150.698585
234	8	-135.214745
236	8	-110.571293
238	8	-84.515113
240	8	-62.665513
242	8	-48.187042
244	8	-42.410675
246	8	-44.14624
248	8	-49.7552
250	8	-54.723728
252	8	-55.6179
254	8	-51.151047
256	8	-41.951233
258	8	-30.106133
260	8	-18.29155
262	8	-8.72799
264	8	-1.89357
266	8	2.341698
268	8	4.317642
270	8	4.364914
272	8	3.224697
274	8	1.511986
276	8	-0.141743
278	8	-0.861103
0	9	28.718274
2	9	52.053791
4	9	72.309295
6	9	103.330219
8	9	132.260435
10	9	155.372158
12	9	169.77684
14	9	176.083511
16	9	169.352638
18	9	155.917934
20	9	136.115539
22	9	113.27639
24	9	98.236527
26	9	94.844299
28	9	95.164185
30	9	82.948502
32	9	61.765839
34	9	42.94397
36	9	27.595184
38	9	16.26706
40	9	8.115906
42	9	-2.151672
44	9	-24.759278
46	9	-69.229401
48	9	-131.31778
50	9	-190.056335
52	9	-215.382172
54	9	-189.545288
56	9	-124.858727
58	9	-52.127075
60	9	7.180114
62	9	48.702393
64	9	68.443115
66	9	47.386719
68	9	-30.144287
70	9	-136.880615
72	9	-232.832031
74	9	-280.199219
76	9	-248.086914
78	9	-142.151856
80	9	-7.133301
82	9	111.72168
84	9	195.104492
86	9	252.083008
88	9	302.993653
90	9	356.610352
92	9	404.730469
94	9	430
96	9	415.66455
98	9	358.472168
100	9	271.659668
102	9	173.463867
104	9	75.409668
106	9	-18.033204
108	9	-104.676269
110	9	-180.823242
112	9	-239.419922
114	9	-272.70752
116	9	-276.553711
118	9	-254.422852
120	9	-217.678711
122	9	-178.742188
124	9	-143.187012
126	9	-107.004882
128	9	-61.539062
130	9	-2.442871
132	9	66.443847
134	9	135.197754
136	9	191.65332
138	9	224.869385
140	9	228.244384
142	9	204.257568
144	9	167.296631
146	9	130.480468
148	9	89.380249
150	9	31.081329
152	9	-41.025147
154	9	-103.75769
156	9	-140.484497
158	9	-154.797119
160	9	-159.913818
162	9	-166.291259
164	9	-175.126465
166	9	-179.785157
168	9	-174.659179
170	9	-163.638183
172	9	-157.09375
174	9	-161.050781
176	9	-177.329102
178	9	-214.751953
180	9	-290.556641
182	9	-410.799805
184	9	-550.048828
186	9	-660.972656
188	9	-710.410156
190	9	-702.522461
192	9	-666.243164
194	9	-627.583007
196	9	-594.74707
198	9	-562.731933
200	9	-524.010742
202	9	-477.818848
204	9	-434.617675
206	9	-405.137695
208	9	-382.802247
210	9	-350.633789
212	9	-301.907959
214	9	-242.007324
216	9	-181.08545
218	9	-127.636718
220	9	-94.300293
222	9	-88.370483
224	9	-100.459198
226	9	-119.600494
228	9	-137.793099
230	9	-147.880959
232	9	-144.919682
234	9	-128.42913
236	9	-104.385594
238	9	-79.85009
240	9	-59.532299
242	9	-46.879883
244	9	-42.840084
246	9	-45.691879
248	9	-51.572021
250	9	-56.119671
252	9	-56.135505
254	9	-50.561489
256	9	-40.362435
258	9	-27.894799
260	9	-15.910927
262	9	-6.355278
264	9	0.250855
266	9	4.115982
268	9	5.54496
270	9	5.002457
272	9	3.241111
274	9	1.175312
276	9	-0.654659
278	9	-1.343098
0	10	22.249315
2	10	44.659382
4	10	66.713085
6	10	99.822113
8	10	129.457278
10	10	153.774435
12	10	171.290116
14	10	180.072457
16	10	176.925728
18	10	163.36336
20	10	139.873882
22	10	112.960716
24	10	93.479561
26	10	76.338882
28	10	62.238662
30	10	35.482391
32	10	-0.520324
34	10	-33.088012
36	10	-58.505097
38	10	-74.960571
40	10	-82.71283
42	10	-88.147705
44	10	-104.796508
46	10	-143.301971
48	10	-197.618897
50	10	-246.760269
52	10	-259.720986
54	10	-219.854309
56	10	-140.977213
58	10	-55.140717
60	10	15.190551
62	10	71.743866
64	10	122.481567
66	10	148.442139
68	10	117.268921
70	10	30.401611
72	10	-82.303467
74	10	-177.722412
76	10	-216.587891
78	10	-186.416992
80	10	-109.728516
82	10	-22.553711
84	10	52.024414
86	10	113.261719
88	10	172.896484
90	10	236.491211
92	10	294.679687
94	10	330.12793
96	10	327.038086
98	10	282.38086
100	10	206.906739
102	10	115.336914
104	10	19.21582
106	10	-72.946778
108	10	-154.562011
110	10	-219.82959
112	10	-261.957032
114	10	-275.374511
116	10	-259.110351
118	10	-219.521973
120	10	-170.009766
122	10	-124.881836
124	10	-92.058105
126	10	-69.743652
128	10	-48.411133
130	10	-16.726562
132	10	32.834717
134	10	100.43335
136	10	176.815185
138	10	245.107666
140	10	288.191162
142	10	298.515747
144	10	282.604004
146	10	249.196534
148	10	194.616028
150	10	111.241669
152	10	5.952759
154	10	-99.314026
156	10	-181.83435
158	10	-228.99585
160	10	-241.943848
162	10	-232.743409
164	10	-216.195801
166	10	-204.658203
168	10	-207.48877
170	10	-231.555664
172	10	-276.991699
174	10	-329.532226
176	10	-368.198242
178	10	-388.691407
180	10	-411.527344
182	10	-456.839844
184	10	-515.91211
186	10	-556.498047
188	10	-555.673828
190	10	-521.725586
192	10	-480.613281
194	10	-449.647461
196	10	-429.302734
198	10	-413.046387
200	10	-397.045899
202	10	-382.375
204	10	-372.571289
206	10	-366.115235
208	10	-350.964355
210	10	-316.496582
212	10	-265.68164
214	10	-208.570312
216	10	-151.958374
218	10	-103.874023
220	10	-77.001526
222	10	-76.730103
224	10	-93.173614
226	10	-114.149994
228	10	-131.447472
230	10	-140.247086
232	10	-137.02924
234	10	-121.718844
236	10	-99.274305
238	10	-76.100433
240	10	-57.360005
242	10	-46.26022
244	10	-43.383529
246	10	-46.795085
248	10	-52.621296
250	10	-56.589424
252	10	-55.747834
254	10	-49.309147
256	10	-38.476654
258	10	-25.769524
260	10	-13.889397
262	10	-4.560189
264	10	1.791001
266	10	5.368423
268	10	6.412308
270	10	5.399398
272	10	3.32523
274	10	1.048813
276	10	-0.823784
278	10	-1.485569
0	11	14.336901
2	11	33.919914
4	11	57.650318
6	11	91.656435
8	11	122.765389
10	11	150.5467
12	11	171.87476
14	11	184.991082
16	11	186.001179
18	11	173.296151
20	11	146.854614
22	11	116.089393
24	11	91.659073
26	11	66.693801
28	11	37.972641
30	11	-1.079986
32	11	-48.277008
34	11	-92.629669
36	11	-127.637543
38	11	-149.848816
40	11	-158.580536
42	11	-160.943298
44	11	-172.416748
46	11	-203.861023
48	11	-248.542343
50	11	-284.941666
52	11	-284.073601
54	11	-232.001633
56	11	-143.391224
58	11	-50.176209
60	11	26.074952
62	11	89.925079
64	11	159.078369
66	11	216.485778
68	11	221.864502
70	11	159.223388
72	11	47.750977
74	11	-71.083252
76	11	-156.370606
78	11	-185.160157
80	11	-163.222656
82	11	-115.866211
84	11	-66.070312
86	11	-19.814942
88	11	30.081543
90	11	88.340821
92	11	146.883301
94	11	188.366211
96	11	196.479004
98	11	166.183594
100	11	104.944824
102	11	24.82373
104	11	-62.439941
106	11	-145.855957
108	11	-216.225586
110	11	-266.458008
112	11	-290.400879
114	11	-284.396972
116	11	-249.922363
118	11	-195.259766
120	11	-134.862305
122	11	-83.913086
124	11	-52.067383
126	11	-39.804199
128	11	-37.715088
130	11	-29.671875
132	11	0.427002
134	11	61.014892
136	11	146.832275
138	11	238.911132
140	11	313.456787
142	11	353.903687
144	11	356.966674
146	11	326.667419
148	11	264.156616
150	11	169.499764
152	11	49.207794
154	11	-80.478699
156	11	-192.373047
158	11	-259.411011
160	11	-273.155762
162	11	-249.155518
164	11	-215.932129
166	11	-201.225586
168	11	-223.082032
170	11	-286.42041
172	11	-378.694824
174	11	-466.700684
176	11	-512.995117
178	11	-506.736328
180	11	-473.329102
182	11	-445.295899
184	11	-429.886719
186	11	-410.214844
188	11	-372.366211
190	11	-324.411133
192	11	-284.583008
194	11	-261.227539
196	11	-251.475586
198	11	-252.171387
200	11	-264.212403
202	11	-286.01123
204	11	-308.728516
206	11	-319.314453
208	11	-307.426758
210	11	-274.10083
212	11	-228.723145
214	11	-177.478759
216	11	-127.401612
218	11	-86.647217
220	11	-66.001526
222	11	-68.835083
224	11	-87.285981
226	11	-109.197845
228	11	-126.039772
230	11	-133.932823
232	11	-130.640479
234	11	-116.194003
236	11	-94.926689
238	11	-72.945139
240	11	-55.401581
242	11	-45.288811
244	11	-43.081497
246	11	-46.730929
248	11	-52.336138
250	11	-55.73251
252	11	-54.210052
254	11	-47.231896
256	11	-36.188965
258	11	-23.627617
260	11	-12.088951
262	11	-3.116455
264	11	2.923828
266	11	6.194603
268	11	6.945885
270	11	5.660072
272	11	3.358326
274	11	1.027142
276	11	-0.753243
278	11	-1.435756
0	12	6.646119
2	12	23.000311
4	12	47.858133
6	12	81.391309
8	12	114.527322
10	12	146.111999
12	12	171.151306
14	12	188.736778
16	12	193.285252
18	12	181.376195
20	12	155.224581
22	12	122.748733
24	12	93.457764
26	12	63.052582
28	12	24.965317
30	12	-25.76828
32	12	-83.859802
34	12	-138.868256
36	12	-183.039978
38	12	-211.134155
40	12	-221.160034
42	12	-221.257507
44	12	-227.828156
46	12	-251.356018
48	12	-284.026184
50	12	-307.156632
52	12	-294.383827
54	12	-233.346748
56	12	-139.758067
58	12	-43.856812
60	12	35.395019
62	12	102.234467
64	12	180.193848
66	12	254.759521
68	12	284.906128
70	12	243.664307
72	12	140.20166
74	12	13.146729
76	12	-96.534424
78	12	-162.510254
80	12	-181.904297
82	12	-171.119141
84	12	-150.530762
86	12	-128.562012
88	12	-100.146973
90	12	-59.659668
92	12	-11.816406
94	12	28.100097
96	12	43.541504
98	12	26.664063
100	12	-19.07959
102	12	-83.867676
104	12	-156.090332
106	12	-224.257324
108	12	-278.456543
110	12	-311.015137
112	12	-316.390625
114	12	-292.507324
116	12	-242.439453
118	12	-175.50586
120	12	-106.25122
122	12	-50.012451
124	12	-17.77295
126	12	-12.186523
128	12	-24.621094
130	12	-35.949219
132	12	-24.269531
134	12	24.436279
136	12	108.615478
138	12	210.462647
140	12	304.223022
142	12	367.697998
144	12	388.659973
146	12	366.039673
148	12	305.234924
150	12	211.380596
152	12	88.357513
154	12	-51.580628
156	12	-177.154541
158	12	-252.137207
160	12	-263.15332
162	12	-229.895508
164	12	-191.231445
166	12	-184.033203
168	12	-229.148926
170	12	-326.841308
172	12	-453.055176
174	12	-561.135742
176	12	-605.920899
178	12	-575.657227
180	12	-497.978515
182	12	-411.198242
184	12	-334.515625
186	12	-265.811523
188	12	-200.452149
190	12	-144.979492
192	12	-108.188476
194	12	-90.523438
196	12	-89.319824
198	12	-107.28125
200	12	-148.179199
202	12	-203.113281
204	12	-250.013672
206	12	-270.114991
208	12	-260.737305
210	12	-232.480469
212	12	-193.765381
214	12	-149.911499
216	12	-108.546875
218	12	-76.447143
220	12	-60.669067
222	12	-64.274963
224	12	-82.185333
226	12	-104.210357
228	12	-120.903854
230	12	-128.287458
232	12	-124.710882
234	12	-110.440763
236	12	-89.80267
238	12	-68.958444
240	12	-52.688955
242	12	-43.606488
244	12	-41.991415
246	12	-45.736349
248	12	-51.021043
250	12	-53.899
252	12	-51.911053
254	12	-44.706406
256	12	-33.76873
258	12	-21.566818
260	12	-10.46804
262	12	-1.885711
264	12	3.836052
266	12	6.823654
268	12	7.313965
270	12	5.84201
272	12	3.45433
274	12	1.15232
276	12	-0.527565
278	12	-1.275162
0	13	0.054062
2	13	13.53407
4	13	37.350459
6	13	69.03235
8	13	103.419625
10	13	137.872951
12	13	166.875313
14	13	188.713211
16	13	197.09103
18	13	186.513817
20	13	160.222831
22	13	127.569397
24	13	95.379639
26	13	61.319794
28	13	19.106659
30	13	-39.105682
32	13	-106.715881
34	13	-171.800659
36	13	-224.924713
38	13	-259.159424
40	13	-271.530365
42	13	-271.025452
44	13	-273.365845
46	13	-287.392975
48	13	-307.896637
50	13	-318.661015
52	13	-295.781204
54	13	-229.57151
56	13	-135.545871
58	13	-40.552433
60	13	39.273993
62	13	108.02858
64	13	186.254914
66	13	270.133423
68	13	314.182739
70	13	289.618286
72	13	199.604248
74	13	74.453613
76	13	-46.804688
78	13	-134.980469
80	13	-182.380859
82	13	-200.523925
84	13	-206.410156
86	13	-208.834473
88	13	-204.496094
90	13	-186.828613
92	13	-156.62793
94	13	-124.828614
96	13	-106.593261
98	13	-111.602539
100	13	-140.302247
102	13	-186.032715
104	13	-239.024903
106	13	-288.937011
108	13	-326.027832
110	13	-342.124023
112	13	-331.854492
114	13	-294.113281
116	13	-232.778076
118	13	-157.320313
120	13	-81.791993
122	13	-21.407471
124	13	11.823242
126	13	13.337647
128	13	-9.111572
130	13	-34.742432
132	13	-38.377197
134	13	-2.933838
136	13	72.629151
138	13	173.221924
140	13	274.738159
142	13	352.892822
144	13	389.282776
146	13	378.206787
148	13	326.259537
150	13	240.009567
152	13	120.946212
154	13	-19.68866
156	13	-147.884888
158	13	-223.784302
160	13	-232.719848
162	13	-197.176514
164	13	-161.175049
166	13	-165.166748
168	13	-229.816407
170	13	-351.035645
172	13	-496.866211
174	13	-613.374024
176	13	-654.096679
178	13	-609.345215
180	13	-505.78125
182	13	-380.920899
184	13	-260.527343
186	13	-154.677735
188	13	-67.737305
190	13	-5.459961
192	13	31.170899
194	13	46.78125
196	13	41.27832
198	13	6.609375
200	13	-59.478027
202	13	-137.892089
204	13	-197.789062
206	13	-221.995605
208	13	-216.965576
210	13	-195.998291
212	13	-163.232421
214	13	-125.772095
216	13	-91.7146
218	13	-66.500427
220	13	-54.210693
222	13	-58.566559
224	13	-75.910858
226	13	-97.417389
228	13	-113.984978
230	13	-121.132328
232	13	-117.453091
234	13	-103.718793
236	13	-84.216806
238	13	-64.72587
240	13	-49.732753
242	13	-41.628862
244	13	-40.515204
246	13	-44.231889
248	13	-49.114695
250	13	-51.504385
252	13	-49.189621
254	13	-41.960708
256	13	-31.314228
258	13	-19.592041
260	13	-8.977623
262	13	-0.777809
264	13	4.651841
266	13	7.376083
268	13	7.649475
270	13	6.102661
272	13	3.751064
274	13	1.395912
276	13	-0.212272
278	13	-1.051834
0	14	-4.776873
2	14	5.125087
4	14	25.254019
6	14	54.697353
8	14	90.025006
10	14	126.629433
12	14	158.409134
14	14	183.862709
16	14	196.289536
18	14	188.48053
20	14	162.392772
22	14	128.538841
24	14	94.424851
26	14	58.736572
28	14	15.37854
30	14	-45.857849
32	14	-119.892914
34	14	-193.700867
36	14	-254.974427
38	14	-294.452423
40	14	-309.575897
42	14	-309.929809
44	14	-310.223038
46	14	-316.734085
48	14	-326.626068
50	14	-324.802375
52	14	-291.850067
54	14	-222.601616
56	14	-130.922078
58	14	-39.602696
60	14	38.241836
62	14	107.96138
64	14	183.524658
66	14	267.825012
68	14	320.439758
70	14	307.621216
72	14	230.724365
74	14	115.720947
76	14	-6.046143
78	14	-107.165283
80	14	-174.291992
82	14	-213.599609
84	14	-240.391113
86	14	-262.721679
88	14	-278.556153
90	14	-281.784668
92	14	-270.328125
94	14	-249.852539
96	14	-231.905274
98	14	-226.504394
100	14	-237.629883
102	14	-262.912597
104	14	-296.053711
106	14	-328.501465
108	14	-350.585449
110	14	-353.783203
112	14	-332.699219
114	14	-286.704346
116	14	-219.614502
118	14	-140.165039
120	14	-61.522217
122	14	1.395996
124	14	35.5625
126	14	35.081543
128	14	7.017334
130	14	-27.647461
132	14	-42.58252
134	14	-19.206543
136	14	45.435791
138	14	138.91394
140	14	240.648682
142	14	326.19873
144	14	373.521363
146	14	374.132935
148	14	332.963272
150	14	255.685455
152	14	143.299545
154	14	8.277466
156	14	-115.432068
158	14	-189.190307
160	14	-198.471313
162	14	-165.620849
164	14	-135.571289
166	14	-149.584716
168	14	-226.758057
170	14	-359.577149
172	14	-512.38623
174	14	-629.887696
176	14	-668.203614
178	14	-619.832031
180	14	-507.444336
182	14	-362.927735
184	14	-214.550293
186	14	-82.660156
188	14	20.429688
190	14	89.966797
192	14	130.064453
194	14	146.077636
196	14	133.511231
198	14	82.769043
200	14	-0.807617
202	14	-88.816894
204	14	-150.772949
206	14	-177.706299
208	14	-179.020996
210	14	-163.756103
212	14	-136.230225
214	14	-104.446777
216	14	-76.336182
218	14	-55.233215
220	14	-45.27887
222	14	-50.897033
224	14	-68.34436
226	14	-89.280197
228	14	-105.334565
230	14	-112.341516
232	14	-109.164385
234	14	-96.583255
236	14	-78.677979
238	14	-60.765812
240	14	-46.999314
242	14	-39.728756
244	14	-38.95615
246	14	-42.504238
248	14	-46.88844
250	14	-48.755404
252	14	-46.167914
254	14	-39.033191
256	14	-28.808449
258	14	-17.670967
260	14	-7.60498
262	14	0.200607
264	14	5.346107
266	14	7.839257
268	14	7.969315
270	14	6.419571
272	14	4.03992
274	14	1.788445
276	14	0.22065
278	14	-0.759911
0	15	-8.136614
2	15	-1.966409
4	15	14.530668
6	15	42.110495
8	15	78.421963
10	15	116.935989
12	15	150.525597
14	15	178.0644
16	15	193.075096
18	15	187.05073
20	15	162.149294
22	15	127.848937
24	15	92.279671
26	15	54.785919
28	15	10.649994
30	15	-49.393799
32	15	-127.219086
34	15	-207.397613
36	15	-276.225617
38	15	-322.023407
40	15	-340.519714
42	15	-341.923523
44	15	-341.324005
46	15	-342.944992
48	15	-344.061848
50	15	-329.66003
52	15	-286.373916
54	15	-213.452377
56	15	-123.850203
58	15	-36.99865
60	15	36.835053
62	15	104.053608
64	15	177.164994
66	15	253.408844
68	15	307.825073
70	15	305.688354
72	15	242.020142
74	15	138.779785
76	15	24.277343
78	15	-77.911865
80	15	-157.053223
82	15	-214.751221
84	15	-258.171387
86	15	-294.120606
88	15	-323.695312
90	15	-342.248536
92	15	-345.847168
94	15	-336.233886
96	15	-320.460937
98	15	-307.128906
100	15	-302.958496
102	15	-310.086914
104	15	-325.993164
106	15	-343.916504
108	15	-354.388672
110	15	-348.928467
112	15	-322.073975
114	15	-272.872314
116	15	-204.582276
118	15	-124.928955
120	15	-45.973877
122	15	17.539062
124	15	52.20581
126	15	51.472168
128	15	21.249023
130	15	-18.288086
132	15	-40.643067
134	15	-26.321655
136	15	28.612671
138	15	113.449707
140	15	211.708863
142	15	299.38446
144	15	352.350586
146	15	361.216644
148	15	328.273926
150	15	257.807633
152	15	152.735748
154	15	27.406097
156	15	-86.821533
158	15	-156.197631
160	15	-166.891845
162	15	-138.42041
164	15	-114.938721
166	15	-137.608886
168	15	-221.94043
170	15	-356.565185
172	15	-505.866699
174	15	-619.399903
176	15	-658.69043
178	15	-615.976074
180	15	-506.455078
182	15	-353.998535
184	15	-188.487305
186	15	-39.834961
188	15	73.771973
190	15	149.551757
192	15	193.633789
194	15	208.166504
196	15	185.452149
198	15	121.467773
200	15	32.86084
202	15	-50.458496
204	15	-108.739502
206	15	-138.223633
208	15	-144.514404
210	15	-134.449463
212	15	-112.064454
214	15	-86.117676
216	15	-62.478394
218	15	-43.781006
220	15	-35.915222
222	15	-42.888886
224	15	-60.517471
226	15	-80.857956
228	15	-96.307938
230	15	-103.269456
232	15	-100.812447
234	15	-89.624873
236	15	-73.424461
238	15	-57.079394
240	15	-44.525566
242	15	-37.959802
244	15	-37.392422
246	15	-40.655394
248	15	-44.452278
250	15	-45.75246
252	15	-42.91526
254	15	-35.974076
256	15	-26.275616
258	15	-15.794212
260	15	-6.342148
262	15	1.011184
264	15	5.838096
266	15	8.120331
268	15	8.198948
270	15	6.641475
272	15	4.291736
274	15	2.146775
276	15	0.614571
278	15	-0.416027
0	16	-11.476611
2	16	-7.946874
4	16	6.658163
6	16	32.831775
8	16	68.887961
10	16	108.095409
12	16	143.851357
14	16	173.003128
16	16	189.051494
18	16	183.936088
20	16	161.025383
22	16	127.576027
24	16	90.959427
26	16	49.98706
28	16	4.365051
30	16	-54.594391
32	16	-132.026856
34	16	-215.325501
36	16	-289.239654
38	16	-342.572571
40	16	-368.297287
42	16	-374.772797
44	16	-372.596009
46	16	-368.981163
48	16	-360.911145
50	16	-335.184547
52	16	-283.13327
54	16	-206.309731
56	16	-117.735557
58	16	-33.704841
60	16	37.003172
62	16	100.021137
64	16	168.117524
66	16	235.797272
68	16	283.704895
70	16	287.921143
72	16	239.407593
74	16	151.787842
76	16	48.333252
78	16	-51.750976
80	16	-137.051758
82	16	-205.379151
84	16	-260.721435
86	16	-307.243897
88	16	-345.402099
90	16	-373.034668
92	16	-387.092529
94	16	-385.474121
96	16	-371.817383
98	16	-353.578125
100	16	-338.564941
102	16	-331.839844
104	16	-333.869629
106	16	-339.937012
108	16	-341.811768
110	16	-331.374267
112	16	-302.543946
114	16	-253.26001
116	16	-186.455322
118	16	-109.447754
120	16	-33.446534
122	16	28.169434
124	16	62.63916
126	16	62.349366
128	16	31.751221
130	16	-9.38147
132	16	-35.262085
134	16	-26.71106
136	16	18.828247
138	16	95.221314
140	16	189.826416
142	16	276.726928
144	16	330.93341
146	16	343.364548
148	16	314.932962
150	16	248.937622
152	16	151.788544
154	16	37.849488
156	16	-64.246949
158	16	-126.141601
160	16	-137.459106
162	16	-115.000244
164	16	-99.47998
166	16	-129.51416
168	16	-216.543945
170	16	-345.86084
172	16	-484.418458
174	16	-590.603516
176	16	-632.547364
178	16	-599.678222
180	16	-497.249512
182	16	-342.391113
184	16	-168.71582
186	16	-13.64209
188	16	103.010254
190	16	181.299805
192	16	225.928711
194	16	234.406739
196	16	201.330079
198	16	133.79248
200	16	53.6958
202	16	-20.469971
204	16	-74.474854
206	16	-102.570069
208	16	-112.591552
210	16	-106.711792
212	16	-89.494263
214	16	-68.358643
216	16	-48.448364
218	16	-32.262085
220	16	-26.671509
222	16	-35.007538
224	16	-52.693787
226	16	-72.668732
228	16	-87.832226
230	16	-94.828596
232	16	-92.911693
234	16	-83.07625
236	16	-68.506144
238	16	-53.610009
240	16	-42.157607
242	16	-36.144157
244	16	-35.665038
246	16	-38.650695
248	16	-41.899575
250	16	-42.647549
252	16	-39.581869
254	16	-32.915967
256	16	-23.827042
258	16	-14.12225
260	16	-5.340595
262	16	1.513417
264	16	6.008465
266	16	8.095921
268	16	8.182187
270	16	6.587166
272	16	4.296661
274	16	2.26054
276	16	0.893119
278	16	-0.094631
0	17	-14.850878
2	17	-13.109895
4	17	0.207501
6	17	24.743427
8	17	59.9198
10	17	99.873295
12	17	136.992393
14	17	166.91526
16	17	182.537899
18	17	178.072918
20	17	155.905794
22	17	123.716606
24	17	87.561844
26	17	47.289047
28	17	-1.574189
30	17	-62.035583
32	17	-135.994384
34	17	-219.037659
36	17	-296.317322
38	17	-355.996262
40	17	-392.15271
42	17	-406.332428
44	17	-406.02668
46	17	-395.805404
48	17	-374.214941
50	17	-335.556366
52	17	-275.662429
54	17	-196.481571
56	17	-108.797884
58	17	-27.49514
60	17	40.080751
62	17	98.480154
64	17	157.24025
66	17	215.405182
68	17	256.408081
70	17	260.889892
72	17	226.3125
74	17	158.666992
76	17	69.889405
78	17	-24.551758
80	17	-112.663818
82	17	-189.271728
84	17	-254.083252
86	17	-307.198731
88	17	-348.588379
90	17	-378.247315
92	17	-395.980957
94	17	-400.354248
96	17	-390.724853
98	17	-372.182617
100	17	-352.697754
102	17	-336.630859
104	17	-327.093506
106	17	-322.311279
108	17	-315.908447
110	17	-300.515625
112	17	-270.310547
114	17	-223.626221
116	17	-162.440673
118	17	-92.870117
120	17	-24.128418
122	17	33.274414
124	17	66.918091
126	17	67.167725
128	17	37.555786
130	17	-2.57788
132	17	-29.473999
134	17	-26.379029
136	17	11.728027
138	17	82.928528
140	17	172.739685
142	17	255.28479
144	17	307.475952
146	17	320.352249
148	17	294.311342
150	17	232.892739
152	17	144.071526
154	17	42.928406
156	17	-45.696533
158	17	-98.890258
160	17	-111.240845
162	17	-98.215454
164	17	-93.049683
166	17	-127.838134
168	17	-211.602783
170	17	-329.012451
172	17	-450.989746
174	17	-545.131347
176	17	-586.171875
178	17	-561.359863
180	17	-467.582031
182	17	-317.025391
184	17	-146.270508
186	17	4.107422
188	17	115.644531
190	17	190.247559
192	17	229.550781
194	17	229.92627
196	17	193.853027
198	17	131.76123
200	17	58.64209
202	17	-2.912598
204	17	-45.940185
206	17	-72.281006
208	17	-84.009278
210	17	-81.276611
212	17	-67.966308
214	17	-50.422241
216	17	-33.987915
218	17	-20.31543
220	17	-16.97583
222	17	-26.684205
224	17	-44.304856
226	17	-63.826774
228	17	-79.454121
230	17	-86.808135
232	17	-85.621676
234	17	-77.11591
236	17	-64.317721
238	17	-51.076171
240	17	-40.759708
242	17	-35.059474
244	17	-34.363432
246	17	-36.894153
248	17	-39.658204
250	17	-40.055806
252	17	-36.856276
254	17	-30.405631
256	17	-22.209238
258	17	-13.241887
260	17	-5.185414
262	17	1.135017
264	17	5.302258
266	17	7.389023
268	17	7.532395
270	17	6.046009
272	17	3.946167
274	17	2.176204
276	17	1.010505
278	17	0.099338
0	18	-17.115662
2	18	-17.146322
4	18	-5.425242
6	18	18.320405
8	18	53.29424
10	18	92.817326
12	18	130.177665
14	18	158.159272
16	18	172.421623
18	18	169.052722
20	18	149.272327
22	18	118.553642
24	18	82.683212
26	18	43.166
28	18	-4.658905
30	18	-67.360596
32	18	-140.7789
34	18	-220.176361
36	18	-298.510926
38	18	-363.822235
40	18	-406.938721
42	18	-428.726623
44	18	-430.977264
46	18	-415.893261
48	18	-380.026825
50	18	-325.100845
52	18	-255.014053
54	18	-173.690307
56	18	-89.304692
58	18	-12.326091
60	18	50.734268
62	18	102.09601
64	18	150.672859
66	18	194.335937
68	18	227.662415
70	18	233.410218
72	18	207.911377
74	18	155.846436
76	18	83.48706
78	18	-1.482422
80	18	-88.740723
82	18	-168.991211
84	18	-237.531006
86	18	-292.956055
88	18	-335.288575
90	18	-364.667969
92	18	-380.947509
94	18	-385.464844
96	18	-379.870606
98	18	-366.332764
100	18	-347.212403
102	18	-328.421875
104	18	-311.865967
106	18	-297.323974
108	18	-283.219482
110	18	-264.910889
112	18	-236.930908
114	18	-194.923584
116	18	-140.065429
118	18	-79.495606
120	18	-20.734863
122	18	29.27002
124	18	59.896729
126	18	61.516358
128	18	36.416016
130	18	0.623169
132	18	-23.937744
134	18	-22.590088
136	18	11.55896
138	18	76.061157
140	18	154.516784
142	18	225.638855
144	18	272.650849
146	18	285.130692
148	18	261.369372
150	18	205.941917
152	18	126.968918
154	18	40.163604
156	18	-32.818482
158	18	-76.169555
160	18	-89.924438
162	18	-88.374146
164	18	-94.511719
166	18	-130.588867
168	18	-204.790283
170	18	-305.091065
172	18	-406.615234
174	18	-484.228027
176	18	-520.016846
178	18	-501.337646
180	18	-419.60791
182	18	-282.680176
184	18	-123.791992
186	18	17.27539
188	18	121.600098
190	18	187.175293
192	18	214.212402
194	18	201.569336
196	18	159.856445
198	18	105.520264
200	18	52.684326
202	18	7.927978
204	18	-25.952881
206	18	-48.746826
208	18	-59.615235
210	18	-58.251953
212	18	-47.354615
214	18	-32.718933
216	18	-18.92865
218	18	-7.678406
220	18	-6.791016
222	18	-17.805725
224	18	-35.841263
226	18	-55.279518
228	18	-71.391968
230	18	-80.288767
232	18	-80.250897
234	18	-73.28792
236	18	-62.222008
238	18	-50.136682
240	18	-40.481768
242	18	-35.439287
244	18	-34.649435
246	18	-36.714228
248	18	-39.041233
250	18	-39.232431
252	18	-36.065673
254	18	-29.844702
256	18	-21.77516
258	18	-13.409763
260	18	-5.864776
262	18	-0.009755
264	18	4.018074
266	18	6.168373
268	18	6.426346
270	18	5.183113
272	18	3.385319
274	18	1.933293
276	18	1.008377
278	18	0.254089
0	19	-18.240099
2	19	-19.469283
4	19	-7.970991
6	19	15.971534
8	19	50.882543
10	19	89.453327
12	19	125.067788
14	19	151.616345
16	19	164.844002
18	19	161.148876
20	19	141.877816
22	19	111.975502
24	19	76.406967
26	19	37.752075
28	19	-9.096954
30	19	-70.207276
32	19	-144.44815
34	19	-223.874511
36	19	-301.064728
38	19	-370.309601
40	19	-418.813888
42	19	-442.885132
44	19	-443.87122
46	19	-423.992099
48	19	-378.805504
50	19	-311.692169
52	19	-231.630906
54	19	-146.695952
56	19	-63.704557
58	19	8.766994
60	19	66.6546
62	19	116.771995
64	19	154.401054
66	19	178.68396
68	19	198.332795
70	19	201.862976
72	19	185.784912
74	19	149.815796
76	19	91.763672
78	19	15.887452
80	19	-66.49292
82	19	-144.510254
84	19	-212.356201
86	19	-267.251465
88	19	-308.341308
90	19	-335.892822
92	19	-350.868164
94	19	-355.100586
96	19	-351.031495
98	19	-339.767578
100	19	-323.476074
102	19	-304.960205
104	19	-286.945557
106	19	-270.30664
108	19	-254.296387
110	19	-236.564209
112	19	-211.57373
114	19	-176.572753
116	19	-132.06958
118	19	-80.141113
120	19	-25.568237
122	19	21.97168
124	19	51.642578
126	19	56.016723
128	19	37.561524
130	19	11.112549
132	19	-6.484741
134	19	-3.870666
136	19	22.587402
138	19	70.441407
140	19	129.207763
142	19	186.12204
144	19	226.355622
146	19	237.551941
148	19	216.104349
150	19	168.300522
152	19	104.504913
154	19	39.825287
156	19	-11.029297
158	19	-42.661926
160	19	-59.73584
162	19	-70.935302
164	19	-88.411377
166	19	-124.881592
168	19	-187.88562
170	19	-271.916504
172	19	-357.005371
174	19	-422.327637
176	19	-455.602539
178	19	-440.729004
180	19	-367.673584
182	19	-243.890625
184	19	-99.668946
186	19	25.819336
188	19	112.437989
190	19	161.005371
192	19	175.042968
194	19	160.68457
196	19	127.153809
198	19	86.937256
200	19	48.427246
202	19	15.076904
204	19	-11.203614
206	19	-29.579346
208	19	-38.595215
210	19	-37.55017
212	19	-28.755371
214	19	-16.814453
216	19	-5.701782
218	19	1.714905
220	19	-1.016632
222	19	-13.200104
224	19	-31.738113
226	19	-51.971771
228	19	-66.660663
230	19	-74.20456
232	19	-74.886988
234	19	-69.584746
236	19	-59.969011
238	19	-49.075141
240	19	-39.996172
242	19	-35.173986
244	19	-34.626204
246	19	-36.752501
248	19	-38.845768
250	19	-38.777207
252	19	-35.647999
254	19	-29.645137
256	19	-22.059488
258	19	-14.287223
260	19	-7.119427
262	19	-1.496168
264	19	2.346699
266	19	4.572274
268	19	4.98822
270	19	4.132092
272	19	2.671772
274	19	1.569256
276	19	0.894196
278	19	0.259427
0	20	-18.542781
2	20	-21.559546
4	20	-10.208167
6	20	14.019359
8	20	49.059761
10	20	86.326633
12	20	119.786778
14	20	144.420765
16	20	156.460598
18	20	151.956662
20	20	133.344143
22	20	105.677216
24	20	71.923172
26	20	34.936646
28	20	-11.969818
30	20	-71.911163
32	20	-144.993195
34	20	-223.517914
36	20	-299.805633
38	20	-367.592071
40	20	-418.003632
42	20	-444.017861
44	20	-445.525635
46	20	-422.857399
48	20	-375.677959
50	20	-306.274436
52	20	-224.983657
54	20	-142.290848
56	20	-61.070532
58	20	12.224962
60	20	71.682974
62	20	118.009073
64	20	152.524437
66	20	176.993958
68	20	183.202698
70	20	171.636536
72	20	150.084777
74	20	121.184449
76	20	79.808716
78	20	22.075195
80	20	-47.286865
82	20	-118.530273
84	20	-182.186524
86	20	-233.541992
88	20	-272.195557
90	20	-298.842041
92	20	-314.539306
94	20	-320.562744
96	20	-318.403565
98	20	-309.609619
100	20	-295.608887
102	20	-278.771972
104	20	-261.52002
106	20	-246.181152
108	20	-231.786377
110	20	-215.329834
112	20	-192.848755
114	20	-162.076783
116	20	-123.133057
118	20	-77.032104
120	20	-28.379029
122	20	13.654663
124	20	38.72107
126	20	42.766357
128	20	31.604615
130	20	17.565857
132	20	10.786622
134	20	15.299012
136	20	33.134705
138	20	63.9599
140	20	103.442139
142	20	144.756653
144	20	175.771805
146	20	185.42347
148	20	169.326214
150	20	130.711155
152	20	80.804077
154	20	31.229111
156	20	-7.694367
158	20	-33.205262
160	20	-49.247315
162	20	-61.984985
164	20	-80.896545
166	20	-115.308227
168	20	-167.304931
170	20	-234.265381
172	20	-305.4823
174	20	-364.477295
176	20	-392.443604
178	20	-374.288819
180	20	-307.780518
182	20	-203.222168
184	20	-85.568603
186	20	17.584716
188	20	88.795898
190	20	124.378417
192	20	130.548584
194	20	118.668213
196	20	97.037597
198	20	71.082275
200	20	45.034912
202	20	20.94165
204	20	1.13916
206	20	-13
208	20	-19.146362
210	20	-17.828491
212	20	-13.139831
214	20	-6.449279
216	20	1.010315
218	20	4.954895
220	20	0.576111
222	20	-11.396713
224	20	-29.642731
226	20	-49.011482
228	20	-63.494007
230	20	-70.408972
232	20	-70.478473
234	20	-64.769315
236	20	-55.465075
238	20	-44.848132
240	20	-36.433376
242	20	-32.292029
244	20	-32.394266
246	20	-34.964435
248	20	-37.400006
250	20	-37.696865
252	20	-34.982771
254	20	-29.469011
256	20	-22.311922
258	20	-14.862374
260	20	-8.07311
262	20	-2.740191
264	20	1.006285
266	20	3.137478
268	20	3.749456
270	20	3.019222
272	20	2.005245
274	20	1.23782
276	20	0.743763
278	20	0.224002
0	21	-18.778
2	21	-23.864584
4	21	-12.493567
6	21	10.608665
8	21	44.322083
10	21	80.671089
12	21	113.315578
14	21	136.862839
16	21	147.913992
18	21	142.62071
20	21	125.046085
22	21	99.922264
24	21	67.905503
26	21	31.96106
28	21	-14.190247
30	21	-72.852112
32	21	-141.934052
34	21	-215.517791
36	21	-288.166275
38	21	-352.847351
40	21	-400.989838
42	21	-426.16198
44	21	-426.967602
46	21	-404.40754
48	21	-358.10698
50	21	-291.135086
52	21	-214.545639
54	21	-138.747753
56	21	-67.662657
58	21	-4.369938
60	21	51.692896
62	21	97.047344
64	21	127.314491
66	21	143.748138
68	21	142.536468
70	21	125.945862
72	21	99.657715
74	21	70.72998
76	21	40.803588
78	21	2.582764
80	21	-45.216187
82	21	-98.146728
84	21	-149.409546
86	21	-194.197266
88	21	-230.96521
90	21	-259.157349
92	21	-277.904785
94	21	-288.413086
96	21	-290.139893
98	21	-283.748169
100	21	-272.672729
102	21	-258.640136
104	21	-243.048462
106	21	-228.473633
108	21	-214.609619
110	21	-197.752441
112	21	-175.044434
114	21	-145.865723
116	21	-110.749024
118	21	-70.880126
120	21	-29.231079
122	21	8.422241
124	21	34.154175
126	21	43.306762
128	21	38.444947
130	21	27.735596
132	21	21.502808
134	21	24.932556
136	21	39.709168
138	21	63.788025
140	21	93.087371
142	21	122.1913
144	21	144.214645
146	21	151.481293
148	21	140.095207
150	21	112.183692
152	21	74.867729
154	21	36.66858
156	21	3.240387
158	21	-23.224395
160	21	-43.289337
162	21	-60.555176
164	21	-80.241089
166	21	-107.089111
168	21	-144.146485
170	21	-191.440552
172	21	-245.349609
174	21	-294.732055
176	21	-321.359253
178	21	-309.446289
180	21	-255.999024
182	21	-173.250732
184	21	-83.46289
186	21	-7.182373
188	21	43.969482
190	21	69.572265
192	21	78.226563
194	21	77.923095
196	21	70.878906
198	21	57.606201
200	21	40.008545
202	21	21.143799
204	21	6.351319
206	21	-1.386597
208	21	-2.097534
210	21	1.150757
212	21	3.960328
214	21	4.73822
216	21	5.593323
218	21	4.783081
220	21	-1.274384
222	21	-13.84462
224	21	-29.767761
226	21	-45.853058
228	21	-57.676988
230	21	-63.408945
232	21	-62.931209
234	21	-57.080253
236	21	-47.911239
238	21	-38.240374
240	21	-31.24023
242	21	-28.024223
244	21	-28.632497
246	21	-31.427893
248	21	-34.187908
250	21	-34.935956
252	21	-32.839953
254	21	-28.085917
256	21	-21.595599
258	21	-14.626468
260	21	-8.26413
262	21	-3.201655
264	21	0.362005
266	21	2.412039
268	21	3.082368
270	21	2.69895
272	21	1.905189
274	21	1.135605
276	21	0.664062
278	21	0.2514
0	22	-20.005047
2	22	-24.733761
4	22	-13.168722
6	22	9.536469
8	22	42.175014
10	22	77.301826
12	22	108.47733
14	22	130.485306
16	22	140.772845
18	22	135.86685
20	22	119.441299
22	22	95.751419
24	22	65.114456
26	22	30.616318
28	22	-13.339416
30	22	-69.832306
32	22	-135.954438
34	22	-205.633545
36	22	-273.760727
38	22	-334.500809
40	22	-380.457504
42	22	-405.938706
44	22	-409.088795
46	22	-388.744293
48	22	-343.142365
50	22	-276.912685
52	22	-202.956925
54	22	-131.27494
56	22	-66.842322
58	22	-10.849008
60	22	36.142774
62	22	70.509728
64	22	94.044586
66	22	105.160141
68	22	98.104004
70	22	73.565064
72	22	40.110107
74	22	6.483094
76	22	-21.076172
78	22	-44.211914
80	22	-67.727662
82	22	-92.800903
84	22	-118.651734
86	22	-145.414184
88	22	-172.269165
90	22	-198.145264
92	22	-222.398193
94	22	-241.003418
96	22	-252.197143
98	22	-255.002807
100	22	-248.628785
102	22	-235.333984
104	22	-219.071655
106	22	-202.512696
108	22	-186.36853
110	22	-168.676758
112	22	-147.035889
114	22	-120.582275
116	22	-88.970947
118	22	-52.996582
120	22	-15.444153
122	22	18.588806
124	22	43.035217
126	22	55.348144
128	22	57.068847
130	22	53.984497
132	22	53.375977
134	22	59.532867
136	22	72.889374
138	22	90.351684
140	22	107.821014
142	22	121.165924
144	22	127.329162
146	22	123.499197
148	22	109.037602
150	22	86.694511
152	22	60.698112
154	22	34.707916
156	22	9.724152
158	22	-13.843109
160	22	-35.847717
162	22	-57.229034
164	22	-78.653747
166	22	-101.18872
168	22	-127.610962
170	22	-159.112183
172	22	-194.362549
174	22	-227.43689
176	22	-246.488159
178	22	-240.386718
180	22	-206.258912
182	22	-152.793213
184	22	-93.876465
186	22	-42.182861
188	22	-4.335205
190	22	19.582031
192	22	34.653076
194	22	44.801514
196	22	49.978027
198	22	48.200683
200	22	39.156861
202	22	25.856079
204	22	14.891113
206	22	8.20166
208	22	5.605347
210	22	5.661133
212	22	6.427917
214	22	6.060608
216	22	4.107849
218	22	1.377411
220	22	-4.70282
222	22	-15.743911
224	22	-29.270065
226	22	-42.757736
228	22	-53.187996
230	22	-58.54438
232	22	-58.379922
234	22	-53.383018
236	22	-44.972562
238	22	-36.178666
240	22	-29.495202
242	22	-26.142668
244	22	-26.215324
246	22	-28.418466
248	22	-30.731766
250	22	-31.395419
252	22	-29.618959
254	22	-25.488237
256	22	-19.799442
258	22	-13.696597
260	22	-8.100639
262	22	-3.533418
264	22	-0.17688
266	22	1.901747
268	22	2.748891
270	22	2.646775
272	22	1.96715
274	22	1.103022
276	22	0.382465
278	22	0.11552
0	23	-19.727179
2	23	-23.376256
4	23	-11.768945
6	23	10.193075
8	23	41.87449
10	23	74.656002
12	23	103.637829
14	23	124.011868
16	23	133.352925
18	23	128.572779
20	23	113.034149
22	23	90.735634
24	23	62.072648
26	23	29.356232
28	23	-13.406708
30	23	-69.17659
32	23	-133.918549
34	23	-200.051758
36	23	-262.695129
38	23	-318.275681
40	23	-361.124023
42	23	-385.789101
44	23	-389.571937
46	23	-370.418456
48	23	-326.740051
50	23	-264.067253
52	23	-194.626461
54	23	-127.683857
56	23	-67.722462
58	23	-15.881839
60	23	26.181584
62	23	56.077294
64	23	73.81366
66	23	78.013917
68	23	68.067688
70	23	48.05011
72	23	22.014648
74	23	-4.378784
76	23	-26.427673
78	23	-42.921631
80	23	-54.896485
82	23	-65.492797
84	23	-78.035888
86	23	-94.072022
88	23	-112.903076
90	23	-134.178711
92	23	-156.359253
94	23	-176.645019
96	23	-192.387451
98	23	-201.472657
100	23	-202.092163
102	23	-194.673951
104	23	-182.932617
106	23	-169.646851
108	23	-155.933715
110	23	-140.182068
112	23	-120.374451
114	23	-95.604187
116	23	-65.645569
118	23	-31.673401
120	23	2.774047
122	23	32.660217
124	23	54.008911
126	23	65.859466
128	23	70.142975
130	23	71.406372
132	23	74.319641
134	23	80.433319
136	23	88.267776
138	23	94.807083
140	23	98.279563
142	23	98.147064
144	23	94.060459
146	23	85.033526
148	23	70.478231
150	23	52.339226
152	23	33.42865
154	23	15.850387
156	23	-0.497696
158	23	-16.305298
160	23	-32.03006
162	23	-48.022461
164	23	-64.146088
166	23	-81.086914
168	23	-100.566162
170	23	-122.498352
172	23	-145.091614
174	23	-164.753296
176	23	-175.342895
178	23	-171.69397
180	23	-152.272339
182	23	-121.061889
184	23	-84.55249
186	23	-48.878662
188	23	-18.369507
190	23	5.199219
192	23	22.601196
194	23	34.263794
196	23	39.672119
198	23	38.502197
200	23	31.708862
202	23	22.546387
204	23	14.232421
206	23	7.903199
208	23	3.733155
210	23	1.949768
212	23	2.390259
214	23	3.245057
216	23	2.76947
218	23	0.069306
220	23	-6.022904
222	23	-15.891479
224	23	-28.568969
226	23	-41.493309
228	23	-51.588617
230	23	-56.899863
232	23	-57.03562
234	23	-52.509708
236	23	-44.584467
238	23	-35.979177
240	23	-29.15072
242	23	-25.656366
244	23	-25.510691
246	23	-27.370788
248	23	-29.347819
250	23	-29.867625
252	23	-28.177781
254	23	-24.366869
256	23	-19.151179
258	23	-13.594521
260	23	-8.507321
262	23	-4.257873
264	23	-0.992846
266	23	1.196051
268	23	2.280299
270	23	2.425533
272	23	1.899022
274	23	1.09074
276	23	0.304185
278	23	-0.050077
0	24	-19.33146
2	24	-22.438904
4	24	-10.48794
6	24	11.073234
8	24	41.618342
10	24	72.40856
12	24	99.338208
14	24	118.012207
16	24	126.227856
18	24	121.253737
20	24	106.451317
22	24	85.460762
24	24	58.408707
26	24	27.112702
28	24	-14.267853
30	24	-68.04036
32	24	-129.656647
34	24	-191.689423
36	24	-250.044387
38	24	-301.798676
40	24	-341.911072
42	24	-365.382782
44	24	-369.02959
46	24	-350.318534
48	24	-308.432802
50	24	-249.529999
52	24	-185.066242
54	24	-123.286236
56	24	-67.730522
58	24	-19.291206
60	24	20.057636
62	24	47.994622
64	24	63.132691
66	24	64.909957
68	24	54.930328
70	24	37.809754
72	24	16.603943
74	24	-4.372924
76	24	-21.340393
78	24	-33.110657
80	24	-41.156982
82	24	-48.601013
84	24	-58.074524
86	24	-70.237549
88	24	-84.223388
90	24	-99.306397
92	24	-114.504761
94	24	-128.533691
96	24	-139.75354
98	24	-145.989502
100	24	-146.247315
102	24	-141.600037
104	24	-134.873902
106	24	-127.998779
108	24	-120.544495
110	24	-110.447632
112	24	-96.070984
114	24	-76.94928
116	24	-53.515748
118	24	-26.828675
120	24	0.388
122	24	24.158448
124	24	41.396301
126	24	51.294861
128	24	55.186615
130	24	56.405731
132	24	58.327789
134	24	61.956818
136	24	66.151047
138	24	68.784836
140	24	68.7472
142	24	65.977897
144	24	60.457727
146	24	51.714252
148	24	39.569902
150	24	25.562927
152	24	11.717529
154	24	-0.725121
156	24	-11.954025
158	24	-22.371215
160	24	-32.358368
162	24	-42.474579
164	24	-52.824952
166	24	-63.51706
168	24	-75.291901
170	24	-88.053467
172	24	-101.105957
174	24	-112.811951
176	24	-119.393127
178	24	-117.270019
180	24	-104.924438
182	24	-84.407471
184	24	-59.314819
186	24	-33.374877
188	24	-9.702271
190	24	8.921387
192	24	21.482422
194	24	28.138672
196	24	28.992797
198	24	25.30896
200	24	19.377686
202	24	12.563598
204	24	5.801757
206	24	0.602051
208	24	-2.563232
210	24	-3.564819
212	24	-2.288025
214	24	-0.064331
216	24	0.962524
218	24	-0.737366
220	24	-5.929855
222	24	-14.761215
224	24	-26.524575
226	24	-38.670201
228	24	-48.255333
230	24	-53.4419
232	24	-53.900318
234	24	-50.07022
236	24	-43.005019
238	24	-35.103184
240	24	-28.715342
242	24	-25.389312
244	24	-25.105049
246	24	-26.620615
248	24	-28.281101
250	24	-28.697188
252	24	-27.112706
254	24	-23.594163
256	24	-18.761591
258	24	-13.561077
260	24	-8.735868
262	24	-4.64
264	24	-1.457762
266	24	0.694514
268	24	1.808015
270	24	2.059466
272	24	1.656702
274	24	0.94252
276	24	0.199745
278	24	-0.182484
0	25	-18.827516
2	25	-21.657912
4	25	-9.842922
6	25	11.139688
8	25	40.65467
10	25	70.252164
12	25	96.063513
14	25	113.876915
16	25	121.595671
18	25	116.635245
20	25	102.318012
22	25	82.107361
24	25	56.0083
26	25	25.734726
28	25	-14.150315
30	25	-65.546173
32	25	-123.883865
34	25	-182.241989
36	25	-237.030472
38	25	-285.545929
40	25	-323.042267
42	25	-344.847213
44	25	-347.838692
46	25	-329.546696
48	25	-289.472227
50	25	-233.721802
52	25	-173.10881
54	25	-115.298156
56	25	-63.510569
58	25	-18.529401
60	25	17.757511
62	25	42.997604
64	25	55.585846
66	25	55.520767
68	25	45.49533
70	25	30.288513
72	25	12.671296
74	25	-4.011963
76	25	-16.951294
78	25	-25.435852
80	25	-31.006043
82	25	-36.184082
84	25	-42.869873
86	25	-51.404968
88	25	-60.974426
90	25	-70.787476
92	25	-80.143432
94	25	-88.298889
96	25	-94.426575
98	25	-97.288941
100	25	-96.522583
102	25	-92.990417
104	25	-88.447937
106	25	-84.0224
108	25	-79.209412
110	25	-72.589539
112	25	-63.163819
114	25	-50.70755
116	25	-35.510101
118	25	-18.106354
120	25	-0.152038
122	25	15.72284
124	25	27.331086
126	25	34.003571
128	25	36.557312
130	25	37.17398
132	25	38.093125
134	25	40.063354
136	25	42.467331
138	25	44.021241
140	25	43.946327
142	25	42.064811
144	25	38.260952
146	25	32.265954
148	25	24.127538
150	25	14.968551
152	25	6.128784
154	25	-1.689671
156	25	-8.73275
158	25	-15.271439
160	25	-21.532104
162	25	-27.91124
164	25	-34.519302
166	25	-41.378205
168	25	-48.885651
170	25	-56.96225
172	25	-65.203888
174	25	-72.6586
176	25	-76.981385
178	25	-75.879761
180	25	-68.336243
182	25	-55.563843
184	25	-39.666138
186	25	-22.832154
188	25	-6.989563
190	25	5.834961
192	25	14.664428
194	25	19.457031
196	25	20.159424
198	25	17.640136
200	25	13.572937
202	25	8.710144
204	25	3.580444
206	25	-0.513794
208	25	-3.0755
210	25	-3.848389
212	25	-2.638732
214	25	-0.477448
216	25	0.653565
218	25	-0.703689
220	25	-5.279312
222	25	-13.306549
224	25	-24.178231
226	25	-35.506474
228	25	-44.538908
230	25	-49.537456
232	25	-50.175283
234	25	-46.831826
236	25	-40.433455
238	25	-33.180555
240	25	-27.281591
242	25	-24.200582
244	25	-23.927829
246	25	-25.326693
248	25	-26.880426
250	25	-27.298243
252	25	-25.843039
254	25	-22.562347
256	25	-18.022776
258	25	-13.101037
260	25	-8.494565
262	25	-4.549523
264	25	-1.469376
266	25	0.61293
268	25	1.688448
270	25	1.933184
272	25	1.545172
274	25	0.850776
276	25	0.127907
278	25	-0.243253
