0	1	-3.629586
2	1	-4.264359
4	1	-5.830513
6	1	-6.122261
8	1	-3.604469
10	1	2.765358
12	1	12.139956
14	1	21.288985
16	1	28.945588
18	1	34.156375
20	1	35.326104
22	1	32.530215
24	1	26.86034
26	1	23.070366
28	1	23.953733
30	1	35.91509
32	1	56.925265
34	1	87.75811
36	1	125.384777
38	1	166.186596
40	1	207.716347
42	1	244.369415
44	1	273.591614
46	1	292.955536
48	1	306.576019
50	1	321.269714
52	1	344.505615
54	1	380.408814
56	1	427.205261
58	1	493.450196
60	1	625.307129
62	1	894.684936
64	1	1448.197143
66	1	2034.918091
68	1	2271.656006
70	1	2214.866577
72	1	1901.185364
74	1	1458.963623
76	1	996.361451
78	1	625.222351
80	1	404.245789
82	1	311.491211
84	1	317.483154
86	1	398.795166
88	1	521.540283
90	1	648.471435
92	1	757.292725
94	1	835.289795
96	1	867.043945
98	1	849.626465
100	1	801.105712
102	1	742.675293
104	1	684.348633
106	1	626.779297
108	1	568.682617
110	1	510.978759
112	1	458.188721
114	1	417.436768
116	1	397.937988
118	1	409.137939
120	1	456.525634
122	1	533.698486
124	1	623.02124
126	1	706.144531
128	1	778.512451
130	1	841.858642
132	1	882.226563
134	1	872.894043
136	1	806.416259
138	1	706.384521
140	1	602.190673
142	1	509.631347
144	1	434.87024
146	1	377.784729
148	1	327.28537
150	1	264.001728
152	1	174.82843
154	1	61.30542
156	1	-68.1521
158	1	-209.966065
160	1	-364.645263
162	1	-528.601074
164	1	-693.634766
166	1	-852.047852
168	1	-1000.802246
170	1	-1140.892578
172	1	-1274.568848
174	1	-1404.100098
176	1	-1529.091796
178	1	-1639.798828
180	1	-1714.950684
182	1	-1728.278809
184	1	-1664.423828
186	1	-1535.166992
188	1	-1378.273926
190	1	-1231.770996
192	1	-1105.783692
194	1	-978.71582
196	1	-825.166504
198	1	-651.646485
200	1	-497.053345
202	1	-398.710205
204	1	-365.439453
206	1	-381.155883
208	1	-406.084839
210	1	-402.757324
212	1	-367.828857
214	1	-314.832214
216	1	-254.138306
218	1	-193.620865
220	1	-141.192093
222	1	-100.878929
224	1	-71.205105
226	1	-49.534653
228	1	-34.112185
230	1	-23.07631
232	1	-14.717747
234	1	-8.239971
236	1	-3.20957
238	1	1.427614
240	1	7.025254
242	1	14.088371
244	1	22.194408
246	1	30.097592
248	1	35.963795
250	1	38.369061
252	1	37.01886
254	1	32.954265
256	1	28.032646
258	1	23.918813
260	1	23.249203
262	1	26.729985
264	1	22.636356
266	1	15.031987
268	1	8.554451
270	1	4.834003
272	1	2.15192
274	1	0.033369
276	1	0.751629
278	1	1.519646
0	2	-4.974007
2	2	-3.04927
4	2	0.375276
6	2	2.719935
8	2	9.039651
10	2	19.042856
12	2	30.234233
14	2	43.205879
16	2	55.294844
18	2	59.68763
20	2	56.762809
22	2	54.207214
24	2	48.737961
26	2	34.410063
28	2	33.151334
30	2	53.690496
32	2	88.628982
34	2	129.336956
36	2	173.743133
38	2	216.722336
40	2	256.400574
42	2	292.870056
44	2	327.233246
46	2	356.276397
48	2	381.786804
50	2	412.677429
52	2	463.359375
54	2	546.24292
56	2	658.744019
58	2	804.728516
60	2	1015.961792
62	2	1399.333252
64	2	1949.676758
66	2	2586.477539
68	2	2737.307007
70	2	2489.038697
72	2	2177.130737
74	2	1708.533203
76	2	1173.370117
78	2	740.144531
80	2	467.738648
82	2	339.171386
84	2	331.720825
86	2	422.427613
88	2	573.109619
90	2	734.996338
92	2	870.682861
94	2	958.382813
96	2	987.526856
98	2	964.4375
100	2	908.328613
102	2	837.929199
104	2	763.200928
106	2	686.525879
108	2	608.436768
110	2	531.192871
112	2	460.198242
114	2	402.820312
116	2	368.381104
118	2	365.706543
120	2	399.098388
122	2	463.045655
124	2	542.366211
126	2	619.394043
128	2	688.241699
130	2	748.869629
132	2	787.800293
134	2	781.539063
136	2	724.984864
138	2	640.114502
140	2	553.533203
142	2	480.153076
144	2	426.049682
146	2	390.62854
148	2	362.396363
150	2	321.961014
152	2	255.502258
154	2	162.370971
156	2	49.015503
158	2	-81.24878
160	2	-228.586914
162	2	-390.37207
164	2	-561.023438
166	2	-735.081543
168	2	-909.204101
170	2	-1080.795898
172	2	-1245.300293
174	2	-1396.316406
176	2	-1527.81836
178	2	-1633.670411
180	2	-1707.143555
182	2	-1739.5625
184	2	-1722.928223
186	2	-1658.907226
188	2	-1564.720703
190	2	-1460.578125
192	2	-1347.505859
194	2	-1203.209473
196	2	-1009.716797
198	2	-789.689209
200	2	-603.577393
202	2	-501.681152
204	2	-490.420655
206	2	-536.421509
208	2	-580.984131
210	2	-580.315124
212	2	-534.106628
214	2	-459.359192
216	2	-370.857971
218	2	-283.016632
220	2	-207.53926
222	2	-148.753235
224	2	-105.075981
226	2	-73.753346
228	2	-51.830192
230	2	-36.072941
232	2	-23.896603
234	2	-14.198173
236	2	-6.213051
238	2	1.657692
240	2	11.108528
242	2	22.673538
244	2	35.077011
246	2	46.22152
248	2	54.173424
250	2	57.423058
252	2	55.565269
254	2	49.741356
256	2	42.28054
258	2	36.727317
260	2	35.164349
262	2	34.447525
264	2	31.783615
266	2	24.487061
268	2	17.029083
270	2	9.336281
272	2	2.599213
274	2	-0.890528
276	2	-1.282154
278	2	-0.622818
0	3	-5.748428
2	3	-4.697909
4	3	-0.521497
6	3	6.049421
8	3	15.255064
10	3	26.803272
12	3	38.964786
14	3	52.314142
16	3	63.869455
18	3	69.530665
20	3	67.418233
22	3	60.966733
24	3	60.576316
26	3	63.857629
28	3	69.139255
30	3	88.828682
32	3	125.2169
34	3	172.021931
36	3	218.840775
38	3	261.406646
40	3	296.166809
42	3	324.400513
44	3	348.174835
46	3	374.089234
48	3	402.201599
50	3	437.879517
52	3	486.843445
54	3	543.723877
56	3	596.656982
58	3	643.262085
60	3	712.119874
62	3	943.256104
64	3	1534.574707
66	3	2178.64624
68	3	2400.770264
70	3	2319.810547
72	3	2073.992188
74	3	1693.648681
76	3	1231.200195
78	3	814.558594
80	3	520.215088
82	3	362.036011
84	3	331.509278
86	3	411.521485
88	3	569.597656
90	3	753.048339
92	3	907.463379
94	3	999.936035
96	3	1024.274902
98	3	994.655273
100	3	932.413574
102	3	853.836426
104	3	767.118653
106	3	675.746093
108	3	582.384278
110	3	490.667724
112	3	406.453613
114	3	336.759278
116	3	289.965332
118	3	272.446777
120	3	285.058105
122	3	321.891601
124	3	374.008301
126	3	431.357422
128	3	487.589843
130	3	536.856934
132	3	567.776367
134	3	567.235351
136	3	534.37207
138	3	483.297363
140	3	431.463135
142	3	391.416504
144	3	370.025268
146	3	366.627808
148	3	370.37735
150	3	364.618911
152	3	336.937866
154	3	283.301391
156	3	204.752686
158	3	102.27539
160	3	-23.616211
162	3	-170.322754
164	3	-334.031738
166	3	-510.543457
168	3	-695.323731
170	3	-881.972168
172	3	-1060.179687
174	3	-1217.075684
176	3	-1342.91504
178	3	-1435.476562
180	3	-1501.845703
182	3	-1552.077149
184	3	-1590.711914
186	3	-1614.077149
188	3	-1614.530762
190	3	-1580.567871
192	3	-1492.126465
194	3	-1328.945801
196	3	-1098.608399
198	3	-854.75293
200	3	-672.375
202	3	-597.224366
204	3	-618.583496
206	3	-680.083863
208	3	-715.392823
210	3	-693.124878
212	3	-626.215821
214	3	-537.059265
216	3	-439.869995
218	3	-344.875489
220	3	-260.195648
222	3	-190.595902
224	3	-137.357651
226	3	-99.152832
228	3	-72.585297
230	3	-53.269478
232	3	-37.894379
234	3	-25.115623
236	3	-13.705521
238	3	-1.710327
240	3	12.268265
242	3	28.047989
244	3	44.06578
246	3	58.117294
248	3	68.056488
250	3	72.25914
252	3	70.278839
254	3	63.261307
256	3	54.06134
258	3	46.284088
260	3	40.649559
262	3	34.502182
264	3	28.872131
266	3	23.729889
268	3	17.586808
270	3	8.95816
272	3	1.754119
274	3	-1.530473
276	3	-1.728817
278	3	-0.794121
0	4	-4.304735
2	4	-5.663866
4	4	-4.490502
6	4	2.050801
8	4	11.821178
10	4	26.156341
12	4	43.425537
14	4	61.883045
16	4	79.463859
18	4	91.454286
20	4	90.633799
22	4	75.11739
24	4	62.484208
26	4	72.823017
28	4	95.955415
30	4	120.179538
32	4	156.458502
34	4	200.657661
36	4	243.913208
38	4	281.360764
40	4	311.528595
42	4	335.818787
44	4	353.278137
46	4	368.234741
48	4	384.343811
50	4	403.209595
52	4	424.323974
54	4	446.76709
56	4	470.464721
58	4	482.232056
60	4	483.800293
62	4	549.431396
64	4	865.744141
66	4	1442.963379
68	4	1814.24292
70	4	1797.021485
72	4	1639.982422
74	4	1435.719971
76	4	1145.424316
78	4	831.747071
80	4	576.124512
82	4	416.130127
84	4	363.184814
86	4	416.170899
88	4	556.885742
90	4	740.640625
92	4	904.991211
94	4	1001.752442
96	4	1019.895996
98	4	978.921875
100	4	905.433594
102	4	816.123535
104	4	717.761718
106	4	613.770508
108	4	507.957031
110	4	404.883789
112	4	310.492676
114	4	231.252441
116	4	174.225586
118	4	143.819824
120	4	138.950684
122	4	153.493164
124	4	181.403808
126	4	217.886718
128	4	258.80664
130	4	297.062012
132	4	323.388184
134	4	330.941894
136	4	321.055664
138	4	302.131592
140	4	284.451905
142	4	277.896728
144	4	289.619141
146	4	319.525635
148	4	358.558228
150	4	393.200592
152	4	411.94458
154	4	406.730224
156	4	372.183593
158	4	305.48999
160	4	207.308105
162	4	81.675781
164	4	-66.700195
166	4	-233.031739
168	4	-411.748535
170	4	-594.964843
172	4	-771.209472
174	4	-927.549805
176	4	-1055.90332
178	4	-1158.214843
180	4	-1248.231445
182	4	-1343.116211
184	4	-1450.688477
186	4	-1560.332519
188	4	-1642.96875
190	4	-1659.571289
192	4	-1577.196777
194	4	-1391.5625
196	4	-1144.585449
198	4	-912.07959
200	4	-764.426269
202	4	-728.983642
204	4	-773.552735
206	4	-828.291016
208	4	-836.161621
210	4	-785.536987
212	4	-698.836426
214	4	-599.380982
216	4	-498.559082
218	4	-401.380738
220	4	-312.143708
222	4	-235.253693
224	4	-173.725372
226	4	-128.26413
228	4	-96.434143
230	4	-73.286606
232	4	-54.493103
234	4	-37.993866
236	4	-22.221222
238	4	-5.302581
240	4	13.698394
242	4	34.009247
244	4	53.707825
246	4	70.492569
248	4	82.112641
250	4	86.922272
252	4	84.581787
254	4	76.463211
256	4	65.530395
258	4	54.24144
260	4	43.305268
262	4	34.134079
264	4	27.951935
266	4	22.766143
268	4	15.244613
270	4	6.499909
272	4	0.356819
274	4	-1.915188
276	4	-1.487881
278	4	-0.173825
0	5	-2.572192
2	5	-5.874561
4	5	-6.473694
6	5	-0.421715
8	5	9.730766
10	5	26.45993
12	5	49.066726
14	5	76.085884
16	5	104.404472
18	5	128.344197
20	5	134.277969
22	5	110.875715
24	5	80.173269
26	5	77.175881
28	5	101.930547
30	5	137.265745
32	5	179.682366
34	5	222.318192
36	5	257.194565
38	5	281.990571
40	5	299.218719
42	5	313.223267
44	5	327.674682
46	5	341.507874
48	5	351.938599
50	5	355.730774
52	5	351.430298
54	5	342.733399
56	5	333.901977
58	5	316.580688
60	5	286.363647
62	5	288.49585
64	5	401.130127
66	5	688.107911
68	5	970.868653
70	5	1038.056397
72	5	1008.637695
74	5	972.870118
76	5	890.915771
78	5	753.234619
80	5	602.158692
82	5	483.473877
84	5	427.932129
86	5	454.195557
88	5	562.606934
90	5	724.338379
92	5	883.528321
94	5	984.623535
96	5	1005.004394
98	5	959.199219
100	5	875.794433
102	5	774.560059
104	5	663.506348
106	5	546.444336
108	5	427.74707
110	5	312.801757
112	5	208.115723
114	5	120.618164
116	5	56.899414
118	5	20.115723
120	5	7.749023
122	5	12.21875
124	5	26.891601
126	5	49.508789
128	5	79.805664
130	5	113.158691
132	5	140.805664
134	5	155.476562
136	5	157.85498
138	5	155.609864
140	5	158.05835
142	5	173.899902
144	5	209.4469
146	5	265.032349
148	5	333.70279
150	5	404.168358
152	5	464.477355
154	5	502.728638
156	5	508.45874
158	5	475.638428
160	5	404.834228
162	5	301.952148
164	5	173.833007
166	5	26.241211
168	5	-135.615234
170	5	-305.231446
172	5	-473.553711
174	5	-631.144531
176	5	-773.921875
178	5	-907.586914
180	5	-1047.647461
182	5	-1209.125977
184	5	-1391.808594
186	5	-1569.975586
188	5	-1695.375976
190	5	-1717.178222
192	5	-1611.741699
194	5	-1405.062988
196	5	-1167.557128
198	5	-976.832031
200	5	-881.399902
202	5	-880.601807
204	5	-924.279785
206	5	-949.898193
208	5	-924.089356
210	5	-850.302124
212	5	-751.164795
214	5	-646.146728
216	5	-543.442627
218	5	-444.947265
220	5	-352.822693
222	5	-270.868988
224	5	-203.141052
226	5	-152.15036
228	5	-116.277038
230	5	-90.083648
232	5	-68.401642
234	5	-48.449768
236	5	-28.456207
238	5	-6.950623
240	5	16.400879
242	5	40.41745
244	5	63.020661
246	5	81.856354
248	5	94.639893
250	5	99.801728
252	5	97.235108
254	5	88.43161
256	5	75.63208
258	5	60.601807
260	5	45.830078
262	5	34.683624
264	5	26.885742
266	5	19.413834
268	5	10.687713
270	5	2.961396
272	5	-1.416145
274	5	-2.204113
276	5	-0.884891
278	5	0.649604
0	6	-3.0317
2	6	-6.798416
4	6	-7.17041
6	6	0.061097
8	6	13.957276
10	6	35.23407
12	6	62.408325
14	6	95.156494
16	6	131.871094
18	6	165.634136
20	6	184.797448
22	6	166.946533
24	6	121.141564
26	6	94.261387
28	6	106.000183
30	6	140.183632
32	6	184.305313
34	6	226.396026
36	6	255.484879
38	6	269.484527
40	6	273.667817
42	6	275.555847
44	6	281.445068
46	6	291.166626
48	6	297.473816
50	6	290.596008
52	6	266.829224
54	6	234.221069
56	6	203.132325
58	6	171.944336
60	6	136.746948
62	6	115.549683
64	6	121.982422
66	6	180.716309
68	6	272.495361
70	6	335.488038
72	6	378.785889
74	6	454.801513
76	6	536.405517
78	6	570.558837
80	6	551.73584
82	6	509.577148
84	6	480.421142
86	6	497.58789
88	6	578.209961
90	6	710.419433
92	6	852.824707
94	6	953.936524
96	6	982.902832
98	6	943.030274
100	6	857.89209
102	6	748.916992
104	6	627.468262
106	6	499.374024
108	6	369.956543
110	6	245.530273
112	6	133.428711
114	6	41.240235
116	6	-24.955566
118	6	-63.529785
120	6	-78.696289
122	6	-78.914551
124	6	-70.594238
126	6	-54.381836
128	6	-28.61914
130	6	3.254394
132	6	32.152832
134	6	49.864258
136	6	56.527344
138	6	60.332275
140	6	71.607177
142	6	98.936523
144	6	147.589233
146	6	217.709717
148	6	303.764069
150	6	396.103538
152	6	482.646911
154	6	549.428467
156	6	583.35791
158	6	576.730225
160	6	529.784912
162	6	449.020507
164	6	342.242676
166	6	215.427735
168	6	72.677735
170	6	-81.847656
172	6	-242.539062
174	6	-404.179687
176	6	-566.793945
178	6	-738.610352
180	6	-933.135742
182	6	-1156.764649
184	6	-1394.333984
186	6	-1603.367188
188	6	-1725.94043
190	6	-1718.333497
192	6	-1582.309571
194	6	-1372.777832
196	6	-1169.234863
198	6	-1033.158692
200	6	-985.730957
202	6	-1001.954834
204	6	-1027.687744
206	6	-1020.616944
208	6	-969.202393
210	6	-882.420898
212	6	-778.04602
214	6	-671.20752
216	6	-568.109009
218	6	-469.180725
220	6	-375.610047
222	6	-291.222839
224	6	-220.907867
226	6	-167.795075
228	6	-130.07492
230	6	-101.899567
232	6	-77.893585
234	6	-55.03006
236	6	-31.512604
238	6	-6.308349
240	6	20.367707
242	6	47.0289
244	6	71.518555
246	6	91.525818
248	6	104.920411
250	6	110.383881
252	6	107.978454
254	6	98.840332
256	6	84.341187
258	6	66.426269
260	6	48.965881
262	6	35.295563
264	6	24.552612
266	6	14.674408
268	6	5.620803
270	6	-0.789184
272	6	-3.377983
274	6	-2.579449
276	6	-0.199225
278	6	1.565607
0	7	-7.832672
2	7	-9.630874
4	7	-6.276977
6	7	5.487122
8	7	24.925018
10	7	49.519073
12	7	78.049652
14	7	111.75624
16	7	149.726616
18	7	188.921677
20	7	219.462006
22	7	219.276882
24	7	177.96394
26	7	131.866264
28	7	117.612038
30	7	137.510193
32	7	171.432037
34	7	205.8237
36	7	228.81366
38	7	235.978027
40	7	232.315612
42	7	226.902222
44	7	226.790771
46	7	231.660949
48	7	232.57251
50	7	217.302612
52	7	181.505554
54	7	136.159485
56	7	97.755616
58	7	69.766113
60	7	46.027344
62	7	26.164917
64	7	-1.84961
66	7	-43.131226
68	7	-85.185303
70	7	-91.663086
72	7	-50.099609
74	7	55.811036
76	7	207.137207
78	7	344.951416
80	7	431.100342
82	7	467.670898
84	7	481.702637
86	7	509.072266
88	7	575.759278
90	7	682.997559
92	7	804.668946
94	7	899.786621
96	7	936.341796
98	7	907.95752
100	7	829.682617
102	7	721.374512
104	7	597.168945
106	7	465.516114
108	7	332.990235
110	7	206.612305
112	7	94.134278
114	7	3.095703
116	7	-61.524902
118	7	-99.806641
120	7	-117.194336
122	7	-121.706054
124	7	-118.290039
126	7	-106.474121
128	7	-84.56836
130	7	-56.099609
132	7	-29.584473
134	7	-12.23877
136	7	-3.681152
138	7	3.801269
140	7	20.132568
142	7	53.202149
144	7	107.199707
146	7	181.821411
148	7	272.407287
150	7	370.791191
152	7	465.832031
154	7	543.856812
156	7	591.880127
158	7	602.201661
160	7	574.633301
162	7	514.784668
164	7	429.659668
166	7	324.401367
168	7	201.82666
170	7	63.948731
172	7	-86.776367
174	7	-248.824218
176	7	-425.178711
178	7	-624.286133
180	7	-854.37793
182	7	-1110.340821
184	7	-1362.620117
186	7	-1559.446289
188	7	-1647.330078
190	7	-1602.983398
192	7	-1454.72998
194	7	-1270.998047
196	7	-1121.332032
198	7	-1044.13916
200	7	-1036.62207
202	7	-1060.131836
204	7	-1069.128662
206	7	-1041.546631
208	7	-977.75415
210	7	-886.868408
212	7	-782.123902
214	7	-675.977051
216	7	-573.94165
218	7	-475.914612
220	7	-382.775391
222	7	-298.606446
224	7	-228.59314
226	7	-175.723846
228	7	-137.742462
230	7	-108.562622
232	7	-82.879486
234	7	-57.764282
236	7	-31.604248
238	7	-3.770844
240	7	25.10788
242	7	53.340179
244	7	78.761413
246	7	99.201812
248	7	112.801911
250	7	118.541015
252	7	116.500611
254	7	107.289307
256	7	91.672393
258	7	71.781921
260	7	51.882721
262	7	35.192749
264	7	21.492737
266	7	9.940003
268	7	0.998977
270	7	-4.239441
272	7	-5.272102
274	7	-2.994796
276	7	0.427917
278	7	2.42231
0	8	-13.681953
2	8	-12.39975
4	8	-1.560516
6	8	16.131714
8	8	38.34259
10	8	62.767059
12	8	89.403321
14	8	119.053787
16	8	155.421051
18	8	196.73492
20	8	233.860726
22	8	251.188942
24	8	226.214996
26	8	177.527329
28	8	141.091172
30	8	135.481049
32	8	149.613128
34	8	167.559601
36	8	180.082886
38	8	182.427368
40	8	177.001404
42	8	170.878723
44	8	169.513855
46	8	171.564454
48	8	167.646179
50	8	146.064148
52	8	104.140503
54	8	55.633911
56	8	20.458802
58	8	4.502075
60	8	-0.993408
62	8	-6.3656
64	8	-28.988525
66	8	-86.265259
68	8	-169.389892
70	8	-225.405761
72	8	-221.47705
74	8	-144.442871
76	8	-2.707275
78	8	158.758301
80	8	292.529786
82	8	379.636231
84	8	431.151856
86	8	475.416504
88	8	538.427735
90	8	628.070313
92	8	729.942871
94	8	814.508789
96	8	853.63916
98	8	836.084472
100	8	769.366211
102	8	669.76709
104	8	552.119629
106	8	426.503906
108	8	300.261719
110	8	180.554199
112	8	75.012207
114	8	-9.490723
116	8	-69.181152
118	8	-105.265137
120	8	-123.609863
122	8	-131.373535
124	8	-132.330567
126	8	-125.67334
128	8	-110.011231
130	8	-88.390625
132	8	-67.485352
134	8	-52.434571
136	8	-42.368896
138	8	-30.878906
140	8	-9.925537
142	8	26.547119
144	8	81.3031
146	8	153.530701
148	8	239.29663
150	8	331.992378
152	8	422.307495
154	8	498.640381
156	8	550.09668
158	8	570.235595
160	8	558.559082
162	8	518.930664
164	8	456.26709
166	8	374.018066
168	8	273.67041
170	8	155.686035
172	8	20.332519
174	8	-133.203125
176	8	-308.859375
178	8	-512.734375
180	8	-746.160156
182	8	-994.205078
184	8	-1219.958984
186	8	-1373.979493
188	8	-1418.366211
190	8	-1352.956055
192	8	-1222.152343
194	8	-1091.041016
196	8	-1009.985351
198	8	-995.184082
200	8	-1026.109375
202	8	-1059.95166
204	8	-1062.955322
206	8	-1027.135743
208	8	-959.542724
210	8	-869.432373
212	8	-767.173096
214	8	-663.737916
216	8	-564.507446
218	8	-469.213256
220	8	-378.661072
222	8	-296.916198
224	8	-228.951477
226	8	-177.422821
228	8	-139.897187
230	8	-110.363617
232	8	-83.682983
234	8	-57.098419
236	8	-29.280426
238	8	0.055755
240	8	30.026795
242	8	58.850647
244	8	84.42746
246	8	104.770355
248	8	118.283905
250	8	124.169525
252	8	122.45166
254	8	113.320831
256	8	97.09961
258	8	75.809967
260	8	53.740631
262	8	34.363708
264	8	18.420471
266	8	5.908234
268	8	-2.747177
270	8	-7.022689
272	8	-6.8003
274	8	-3.317914
276	8	0.9192
278	8	3.065266
0	9	-15.609222
2	9	-10.62262
4	9	3.490326
6	9	21.546265
8	9	43.295258
10	9	66.802673
12	9	92.278595
14	9	119.999542
16	9	155.160202
18	9	195.602295
20	9	235.322785
22	9	264.762625
24	9	260.368408
26	9	221.253159
28	9	175.882294
30	9	144.016845
32	9	129.40564
34	9	123.311035
36	9	120.309876
38	9	116.752441
40	9	112.161499
42	9	109.874146
44	9	111.523986
46	9	113.231018
48	9	105.59607
50	9	79.353577
52	9	35.234192
54	9	-10.345825
56	9	-36.067444
58	9	-35.826355
60	9	-21.325318
62	9	-7.826477
64	9	-10.377442
66	9	-47.43872
68	9	-118.931153
70	9	-186.256592
72	9	-214.548095
74	9	-183.125
76	9	-87.437744
78	9	46.810547
80	9	179.157715
82	9	282.273926
84	9	353.702148
86	9	410.375
88	9	472.622071
90	9	549.541504
92	9	633.943847
94	9	705.696777
96	9	742.217285
98	9	731.208985
100	9	675.553223
102	9	588.039551
104	9	482.635254
106	9	369.627929
108	9	256.334473
110	9	149.476563
112	9	56.11084
114	9	-17.920899
116	9	-69.875
118	9	-101.446289
120	9	-118.41211
122	9	-127.165039
124	9	-131.019531
126	9	-129.437011
128	9	-121.200683
130	9	-108.123047
132	9	-94.33252
134	9	-82.554199
136	9	-71.278076
138	9	-55.516846
140	9	-29.771241
142	9	9.426147
144	9	62.993287
146	9	129.440796
148	9	205.483581
150	9	286.273842
152	9	365.04419
154	9	433.291382
156	9	483.032715
158	9	509.415527
160	9	511.506103
162	9	491.004394
164	9	450.263672
166	9	390.926758
168	9	313.60791
170	9	218.12207
172	9	103.666504
174	9	-31.702149
176	9	-191.50293
178	9	-378.09961
180	9	-585.895508
182	9	-793.957031
184	9	-966.598633
186	9	-1066.670898
188	9	-1076.641601
190	9	-1014.137695
192	9	-926.598144
194	9	-865.227539
196	9	-859.333496
198	9	-906.114746
200	9	-973.973144
202	9	-1022.019531
204	9	-1026.536865
206	9	-988.76001
208	9	-921.258545
210	9	-834.283691
212	9	-736.495239
214	9	-637.742798
216	9	-543.159302
218	9	-452.468872
220	9	-366.420715
222	9	-288.739807
224	9	-223.943725
226	9	-174.394348
228	9	-137.726501
230	9	-108.305329
232	9	-81.244018
234	9	-53.956848
236	9	-25.392639
238	9	4.4505
240	9	34.551819
242	9	63.151519
244	9	88.274353
246	9	108.113281
248	9	121.271393
250	9	127.070739
252	9	125.458771
254	9	116.361695
256	9	99.837555
258	9	77.722473
260	9	54.182739
262	9	33.013031
264	9	15.75531
266	9	2.857666
268	9	-5.450699
270	9	-8.96251
272	9	-7.801987
274	9	-3.47118
276	9	1.279945
278	9	3.483235
0	10	-14.208389
2	10	-8.304612
4	10	4.111419
6	10	19.903992
8	10	40.042877
10	10	63.99173
12	10	90.726044
14	10	119.146149
16	10	152.433396
18	10	190.010639
20	10	227.930756
22	10	256.676046
24	10	271.964332
26	10	250.912658
28	10	211.187073
30	10	166.381409
32	10	124.681183
34	10	90.527466
36	10	67.1344
38	10	53.140808
40	10	45.884887
42	10	45.611389
44	10	50.31134
46	10	52.848388
48	10	43.175659
50	10	14.604859
52	10	-28.453186
54	10	-67.446533
56	10	-80.947571
58	10	-63.624206
60	10	-29.912659
62	10	2.24707
64	10	21.381836
66	10	12.225586
68	10	-31.962524
70	10	-91.209106
72	10	-137.077881
74	10	-143.915771
76	10	-97.256591
78	10	-6.361572
80	10	100.650391
82	10	197.239746
84	10	272.969726
86	10	334.310547
88	10	394.257324
90	10	460.299804
92	10	529.07959
94	10	587.166015
96	10	617.204102
98	10	607.871093
100	10	559.895508
102	10	483.604981
104	10	391.648437
106	10	293.626953
108	10	196.281738
110	10	105.335937
112	10	26.709961
114	10	-34.819336
116	10	-77.330078
118	10	-102.747071
120	10	-116.297852
122	10	-123.780762
124	10	-128.362793
126	10	-130.064698
128	10	-127.934326
130	10	-122.499512
132	10	-115.349853
134	10	-106.867188
136	10	-94.729737
138	10	-75.021728
140	10	-44.632568
142	10	-2.800048
144	10	49.27771
146	10	109.144592
148	10	173.961487
150	10	240.739904
152	10	305.713501
154	10	363.94757
156	10	410.394776
158	10	441.393311
160	10	455.156982
162	10	451.176757
164	10	429.634765
166	10	391.070801
168	10	336.023437
170	10	264.442383
172	10	175.129883
174	10	65.451661
176	10	-67.583984
178	10	-222.972657
180	10	-389.847657
182	10	-545.127929
184	10	-659.767578
186	10	-712.643555
188	10	-704.766601
190	10	-663.731445
192	10	-631.456543
194	10	-642.032227
196	10	-705.489257
198	10	-804.517578
200	10	-902.663086
202	10	-963.709472
204	10	-971.560791
206	10	-934.078369
208	10	-868.343018
210	10	-785.644775
212	10	-693.783936
214	10	-601.464356
216	10	-513.107056
218	10	-428.438721
220	10	-348.198304
222	10	-275.679748
224	10	-214.874817
226	10	-167.876159
228	10	-132.50589
230	10	-103.664581
232	10	-76.80484
234	10	-49.518066
236	10	-20.984894
238	10	8.58023
240	10	38.082306
242	10	65.835296
244	10	90.017304
246	10	108.997651
248	10	121.525574
250	10	126.968872
252	10	125.198792
254	10	116.03244
256	10	99.472625
258	10	77.205108
260	10	53.144135
262	10	31.244293
264	10	13.568878
266	10	0.743866
268	10	-7.170426
270	10	-10.075759
272	10	-8.26593
274	10	-3.437664
276	10	1.547322
278	10	3.715352
0	11	-13.102623
2	11	-8.219238
4	11	2.088684
6	11	15.523132
8	11	34.587127
10	11	58.723541
12	11	86.350098
14	11	116.015198
16	11	148.196167
18	11	182.415882
20	11	217.48848
22	11	241.64206
24	11	262.267876
26	11	260.232834
28	11	235.529114
30	11	194.513427
32	11	140.682312
34	11	84.011352
36	11	37.015503
38	11	5.583679
40	11	-11.926025
42	11	-17.624816
44	11	-15.209045
46	11	-13.924927
48	11	-24.653138
50	11	-52.58429
52	11	-91.117249
54	11	-121.156128
56	11	-121.898864
58	11	-88.670227
60	11	-37.562774
62	11	11.434571
64	11	48.808716
66	11	63.7005
68	11	44.971435
70	11	-2.316894
72	11	-56.427979
74	11	-89.399414
76	11	-81.019776
78	11	-29.690186
80	11	47.536621
82	11	128.414063
84	11	199.061523
86	11	258.614258
88	11	313.677735
90	11	369.214844
92	11	423.600097
94	11	467.934571
96	11	489.200683
98	11	477.918457
100	11	434.383789
102	11	367.60791
104	11	288.824707
106	11	206.394043
108	11	125.942383
110	11	51.936036
112	11	-11.070313
114	11	-59.571289
116	11	-92.300293
118	11	-111.011719
120	11	-120.292724
122	11	-125.188965
124	11	-128.796143
126	11	-131.752441
128	11	-133.441651
130	11	-133.425049
132	11	-131.229981
134	11	-125.284423
136	11	-112.44751
138	11	-89.471436
140	11	-55.109497
142	11	-10.969116
144	11	39.648194
146	11	93.090698
148	11	146.699768
150	11	199.288204
152	11	250.238739
154	11	298.214173
156	11	340.789063
158	11	374.960938
160	11	397.818848
162	11	407.043457
164	11	401.480957
166	11	381.291015
168	11	347.307617
170	11	299.799805
172	11	237.338379
174	11	156.719238
176	11	55.233399
178	11	-64.069336
180	11	-187.913086
182	11	-294.457032
184	11	-362.842774
186	11	-385.683594
188	11	-376.430664
190	11	-365.75293
192	11	-386.753906
194	11	-457.92041
196	11	-574.228516
198	11	-709.558594
200	11	-827.490234
202	11	-896.947998
204	11	-906.978028
206	11	-870.113037
208	11	-806.631103
210	11	-728.654541
212	11	-643.599365
214	11	-558.784546
216	11	-477.550537
218	11	-399.664673
220	11	-325.940674
222	11	-259.237916
224	11	-202.993775
226	11	-159.005432
228	11	-125.330139
230	11	-97.455414
232	11	-71.266723
234	11	-44.560882
236	11	-16.709106
238	11	11.920197
240	11	40.223725
242	11	66.625854
244	11	89.466309
246	11	107.278931
248	11	118.927429
250	11	123.789001
252	11	121.683319
254	11	112.449188
256	11	96.17508
258	11	74.424957
260	11	50.775147
262	11	29.12735
264	11	11.781433
266	11	-0.616058
268	11	-8.078949
270	11	-10.490906
272	11	-8.27163
274	11	-3.236653
276	11	1.756542
278	11	3.812031
0	12	-14.257675
2	12	-11.729172
4	12	-2.592896
6	12	9.473114
8	12	27.955505
10	12	51.682464
12	12	79.299317
14	12	109.353149
16	12	140.659591
18	12	171.784545
20	12	204.136184
22	12	228.184574
24	12	248.998252
26	12	257.024674
28	12	247.050141
30	12	219.495606
32	12	169.761963
34	12	103.167908
36	12	35.803039
38	12	-17.963135
40	12	-52.896668
42	12	-71.04602
44	12	-77.776795
46	12	-83.19635
48	12	-97.463684
50	12	-124.256103
52	12	-156.375244
54	12	-176.266785
56	12	-164.901337
58	12	-117.900085
60	12	-51.412292
62	12	12.682221
64	12	64.360962
66	12	96.730652
68	12	96.806397
70	12	59.879883
72	12	2.974366
74	12	-45.546142
76	12	-62.856689
78	12	-41.221924
80	12	10.175293
82	12	73.756836
84	12	135.021484
86	12	188.824219
88	12	237.166504
90	12	282.583984
92	12	323.899414
94	12	355.133301
96	12	366.977539
98	12	352.324219
100	12	311.916992
102	12	253.862793
104	12	187.864746
106	12	120.755371
108	12	56.90918
110	12	-0.461426
112	12	-48.199707
114	12	-83.971924
116	12	-107.110596
118	12	-119.255615
120	12	-124.310547
122	12	-126.576172
124	12	-128.882568
126	12	-132.257569
128	12	-136.329345
130	12	-139.9646
132	12	-141.207276
134	12	-137.050292
136	12	-123.695068
138	12	-98.320557
140	12	-61.03711
142	12	-15.371704
144	12	33.479737
146	12	80.601562
148	12	123.352615
150	12	162.214177
152	12	199.599884
154	12	237.490479
156	12	275.699829
158	12	311.635498
160	12	341.40747
162	12	361.427246
164	12	369.717286
166	12	366.15918
168	12	351.612305
170	12	326.40625
172	12	288.947754
174	12	235.858398
176	12	164.836425
178	12	79.806152
180	12	-6.313477
182	12	-75.458008
184	12	-114.429688
186	12	-124.888671
188	12	-125.991211
190	12	-146.697266
192	12	-211.025391
194	12	-325.336914
196	12	-474.855469
198	12	-629.986816
200	12	-756.897461
202	12	-828.864258
204	12	-838.668701
206	12	-802.059326
208	12	-741.016114
210	12	-668.112427
212	12	-590.285401
214	12	-513.249756
216	12	-439.331909
218	12	-368.501708
220	12	-301.638611
222	12	-241.101624
224	12	-189.736633
226	12	-149.001404
228	12	-117.202179
230	12	-90.461792
232	12	-65.211792
234	12	-39.514099
236	12	-12.881958
238	12	14.237366
240	12	40.802368
242	12	65.40625
244	12	86.573853
246	12	102.991058
248	12	113.607636
250	12	117.795013
252	12	115.348145
254	12	106.190765
256	12	90.546783
258	12	69.879394
260	12	47.394867
262	12	26.765106
264	12	10.288025
266	12	-1.428467
268	12	-8.374893
270	12	-10.371338
272	12	-7.926605
274	12	-2.903549
276	12	1.9296
278	12	3.820926
0	13	-16.389168
2	13	-16.408798
4	13	-8.363159
6	13	3.254181
8	13	21.699707
10	13	45.522766
12	13	73.595978
14	13	104.041855
16	13	134.381668
18	13	162.570045
20	13	192.470833
22	13	215.655262
24	13	235.55587
26	13	249.418229
28	13	250.330322
30	13	237.911194
32	13	200.200683
34	13	135.114014
36	13	56.06482
38	13	-16.220886
40	13	-71.001587
42	13	-106.137635
44	13	-127.085632
46	13	-144.643982
48	13	-167.668213
50	13	-197.138183
52	13	-224.966797
54	13	-235.964142
56	13	-214.141357
58	13	-155.563904
60	13	-75.59433
62	13	2.134185
64	13	65.772003
66	13	110.426087
68	13	123.151673
70	13	94.847168
72	13	39.375
74	13	-16.218017
76	13	-48.659668
78	13	-47.094727
80	13	-15.473633
82	13	32.814697
84	13	84.02832
86	13	130.705567
88	13	171.76416
90	13	207.922852
92	13	238.022461
94	13	257.946289
96	13	261.477539
98	13	244.057128
100	13	207.041504
102	13	157.407227
104	13	103.182129
106	13	49.754883
108	13	0.479492
110	13	-42.358398
112	13	-76.691162
114	13	-101.180176
116	13	-115.652588
118	13	-121.851074
120	13	-123.173828
122	13	-123.266113
124	13	-124.665283
126	13	-128.491699
128	13	-134.384033
130	13	-140.672608
132	13	-144.437988
134	13	-141.72876
136	13	-128.326538
138	13	-101.760376
140	13	-63.056152
142	13	-17.173462
144	13	29.144775
146	13	69.829407
148	13	102.210235
150	13	128.275974
152	13	153.138642
154	13	181.652466
156	13	215.497071
158	13	252.416015
160	13	287.777832
162	13	316.972412
164	13	337.222413
166	13	347.93042
168	13	349.695313
170	13	342.700195
172	13	325.382324
174	13	294.762207
176	13	249.278321
178	13	193.021485
180	13	136.972168
182	13	94.374511
184	13	71.928711
186	13	62.656739
188	13	46.24707
190	13	-1.859863
192	13	-97.300293
194	13	-238.057617
196	13	-404.666015
198	13	-567.540039
200	13	-695.359864
202	13	-764.379639
204	13	-770.984863
206	13	-733.689453
208	13	-675.089355
210	13	-607.546997
212	13	-536.974121
214	13	-467.478394
216	13	-400.77356
218	13	-337.119507
220	13	-277.307434
222	13	-223.111389
224	13	-176.706604
226	13	-139.1875
228	13	-109.219818
230	13	-83.613281
232	13	-59.394623
234	13	-34.958924
236	13	-9.929077
238	13	15.260681
240	13	39.696473
242	13	62.181153
244	13	81.4599
246	13	96.376922
248	13	105.943421
250	13	109.514832
252	13	106.876007
254	13	98.038879
256	13	83.349121
258	13	64.184845
260	13	43.386688
262	13	24.282441
264	13	9.008972
266	13	-1.859726
268	13	-8.229202
270	13	-9.864296
272	13	-7.332802
274	13	-2.47905
276	13	2.076736
278	13	3.76918
0	14	-17.784874
2	14	-20.377456
4	14	-14.519226
6	14	-3.615356
8	14	15.451141
10	14	40.569062
12	14	69.850861
14	14	100.338669
16	14	129.269119
18	14	154.942463
20	14	182.879657
22	14	204.589813
24	14	223.417114
26	14	239.216293
28	14	245.478577
30	14	241.842408
32	14	218.295166
34	14	165.911682
36	14	87.899475
38	14	4.032471
40	14	-67.974121
42	14	-120.318969
44	14	-157.109741
46	14	-189.665283
48	14	-226.15686
50	14	-264.104309
52	14	-293.310852
54	14	-300.056763
56	14	-271.494568
58	14	-204.253814
60	14	-112.763367
62	14	-22.334167
64	14	52.815796
66	14	107.474365
68	14	129.097046
70	14	108.675293
72	14	58.10498
74	14	1.956299
76	14	-37.529297
78	14	-48.139404
80	14	-30.362793
82	14	5.928223
84	14	48.344238
86	14	88.296875
88	14	122.649415
90	14	150.839356
92	14	171.806152
94	14	182.872559
96	14	180.230468
98	14	161.472656
100	14	128.406739
102	14	86.685547
104	14	42.623535
106	14	0.420898
108	14	-37.292969
110	14	-68.829346
112	14	-92.830323
114	14	-108.749756
116	14	-116.628174
118	14	-118.23999
120	14	-116.719238
122	14	-115.203125
124	14	-116.080078
126	14	-120.407471
128	14	-127.659668
130	14	-135.755371
132	14	-141.227539
134	14	-139.629516
136	14	-126.602784
138	14	-100.101806
140	14	-61.807618
142	14	-17.492188
144	14	25.134827
146	14	59.226532
148	14	82.188522
150	14	97.271507
152	14	111.700501
154	14	132.495545
156	14	162.693237
158	14	200.258667
160	14	239.909546
162	14	276.106445
164	14	305.318848
166	14	326.52295
168	14	340.108398
170	14	346.081543
172	14	342.859375
174	14	328.098632
176	14	301.441407
178	14	267.220214
180	14	234.082519
182	14	210.410156
184	14	197.48584
186	14	185.154786
188	14	154.183593
190	14	85.316406
192	14	-30.075683
194	14	-184.856934
196	14	-358.047363
198	14	-520.854004
200	14	-643.313965
202	14	-704.575928
204	14	-705.490966
206	14	-666.964599
208	14	-611.139527
210	14	-549.252808
212	14	-485.718018
214	14	-423.335083
216	14	-363.64148
218	14	-307.239136
220	14	-254.708985
222	14	-206.913024
224	14	-165.286072
226	14	-130.788543
228	14	-102.578247
230	14	-78.106842
232	14	-54.941894
234	14	-31.836761
236	14	-8.512238
238	14	14.626648
240	14	36.812866
242	14	57.086823
244	14	74.440124
246	14	87.883545
248	14	96.489044
250	14	99.60318
252	14	97.002014
254	14	88.756714
256	14	75.292389
258	14	57.908509
260	14	39.101929
262	14	21.791687
264	14	7.896087
266	14	-2.016677
268	14	-7.76271
270	14	-9.082298
272	14	-6.572464
274	14	-2.000481
276	14	2.200397
278	14	3.667816
0	15	-18.370079
2	15	-23.286957
4	15	-19.353302
6	15	-8.655045
8	15	11.203552
10	15	37.55838
12	15	67.459808
14	15	97.700745
16	15	125.216233
18	15	147.997806
20	15	173.501968
22	15	194.392355
24	15	212.17952
26	15	225.461547
28	15	234.976258
30	15	233.981842
32	15	218.301026
34	15	178.203857
36	15	115.086609
38	15	35.257324
40	15	-46.231567
42	15	-115.379882
44	15	-168.570435
46	15	-214.416748
48	15	-264.729614
50	15	-315.355835
52	15	-352.783752
54	15	-362.694275
56	15	-334.184753
58	15	-263.779602
60	15	-164.19986
62	15	-61.983307
64	15	25.275512
66	15	90.204163
68	15	120.381897
70	15	108.135498
72	15	64.768067
74	15	12.616943
76	15	-27.93042
78	15	-44.588623
80	15	-35.707519
82	15	-8.238282
84	15	27.093017
86	15	61.41333
88	15	90.279541
90	15	112.162597
92	15	126.128906
94	15	130.78125
96	15	124.196777
98	15	105.443359
100	15	76.442382
102	15	41.584472
104	15	5.737793
106	15	-27.772949
108	15	-56.879883
110	15	-80.338135
112	15	-97.368652
114	15	-107.651855
116	15	-111.370606
118	15	-110.257324
120	15	-107.069824
122	15	-104.674072
124	15	-105.379395
126	15	-110.192139
128	15	-118.307617
130	15	-127.282349
132	15	-133.470093
134	15	-132.371582
136	15	-119.822754
138	15	-94.335083
140	15	-58.005493
142	15	-16.885132
144	15	21.016296
146	15	48.714112
148	15	63.955955
150	15	70.83236
152	15	77.74997
154	15	92.891906
156	15	120.090332
158	15	157.48584
160	15	199.395263
162	15	239.691895
164	15	274.39624
166	15	302.212891
168	15	323.386474
170	15	337.636231
172	15	342.844238
174	15	337.078613
176	15	322.149902
178	15	303.780273
180	15	288.234375
182	15	278.617676
184	15	271.525879
186	15	255.294433
188	15	212.944824
190	15	130.09668
192	15	3.130859
194	15	-157.920898
196	15	-331.224122
198	15	-487.685791
200	15	-598.491699
202	15	-647.656982
204	15	-641.538575
206	15	-602.147217
208	15	-549.689331
210	15	-493.600098
212	15	-436.780884
214	15	-381.250733
216	15	-328.815552
218	15	-280.19812
220	15	-235.129822
222	15	-193.496948
224	15	-156.338013
226	15	-124.603729
228	15	-97.895141
230	15	-74.46341
232	15	-52.374969
234	15	-30.657746
236	15	-9.025909
238	15	12.161438
240	15	32.24881
242	15	50.46814
244	15	66.032654
246	15	78.122254
248	15	85.900421
250	15	88.737518
252	15	86.403931
254	15	78.986176
256	15	66.931397
258	15	51.473725
260	15	34.801697
262	15	19.385895
264	15	6.939881
266	15	-1.955033
268	15	-7.047531
270	15	-8.089516
272	15	-5.695008
274	15	-1.488289
276	15	2.30386
278	15	3.522465
0	16	-18.519218
2	16	-25.382324
4	16	-22.735016
6	16	-12.700576
8	16	7.328216
10	16	34.665985
12	16	64.743668
14	16	94.639756
16	16	120.556648
18	16	141.040188
20	16	164.99205
22	16	183.995695
24	16	199.707954
26	16	210.125046
28	16	218.161529
30	16	220.033142
32	16	206.607178
34	16	173.178833
36	16	124.172363
38	16	61.521973
40	16	-14.631714
42	16	-94.392944
44	16	-164.874634
46	16	-223.396607
48	16	-284.109009
50	16	-346.68634
52	16	-395.147889
54	16	-413.41925
56	16	-391.56723
58	16	-326.294922
60	16	-226.310333
62	16	-115.829895
64	16	-16.8526
66	16	59.471527
68	16	100.989136
70	16	99.180664
72	16	64.531495
74	16	18.564209
76	16	-19.539551
78	16	-37.769287
80	16	-33.703125
82	16	-12.269288
84	16	17.565918
86	16	47.300537
88	16	71.901124
90	16	89.151856
92	16	98.047607
94	16	98.129395
96	16	89.040528
98	16	70.940918
100	16	45.658691
102	16	16.44873
104	16	-13.021729
106	16	-40.131592
108	16	-63.206055
110	16	-81.23999
112	16	-93.866211
114	16	-100.856201
116	16	-102.392334
118	16	-100.042481
120	16	-96.314209
122	16	-93.76123
124	16	-94.507324
126	16	-99.564697
128	16	-107.93274
130	16	-116.977784
132	16	-123.034057
134	16	-121.939575
136	16	-109.867675
138	16	-85.934937
140	16	-52.540711
142	16	-15.643433
144	16	17.053162
146	16	39.02182
148	16	48.512466
150	16	50.02089
152	16	52.242401
154	16	63.572999
156	16	88.102295
158	16	124.227051
160	16	166.332764
162	16	208.124023
164	16	245.268554
166	16	276.176026
168	16	301.107422
170	16	319.695313
172	16	329.190186
174	16	327.851074
176	16	319.824219
178	16	312.57666
180	16	309.895996
182	16	309.777832
184	16	305.423339
186	16	285.20166
188	16	234.852051
190	16	143.712402
192	16	11.176269
194	16	-150.82373
196	16	-318.707031
198	16	-462.375
200	16	-555.858154
202	16	-590.060791
204	16	-576.428222
206	16	-536.621582
208	16	-488.156128
210	16	-438.409912
212	16	-388.910522
214	16	-341.303345
216	16	-297.517578
218	16	-257.476929
220	16	-219.666382
222	16	-183.529908
224	16	-149.916321
226	16	-120.570618
228	16	-95.440704
230	16	-72.958313
232	16	-51.817261
234	16	-31.294861
236	16	-11.237274
238	16	8.189209
240	16	26.456604
242	16	42.914978
244	16	56.912873
246	16	67.792725
248	16	74.860351
250	16	77.562347
252	16	75.671539
254	16	69.25473
256	16	58.703033
258	16	45.192383
260	16	30.628205
262	16	17.122741
264	16	6.152618
266	16	-1.706344
268	16	-6.121949
270	16	-6.919327
272	16	-4.716702
274	16	-0.946472
276	16	2.398063
278	16	3.340481
0	17	-18.20559
2	17	-25.359726
4	17	-24.947006
6	17	-16.739304
8	17	3.362488
10	17	30.768448
12	17	60.475693
14	17	89.087753
16	17	113.56324
18	17	133.869541
20	17	156.93573
22	17	173.406689
24	17	186.641243
26	17	195.333908
28	17	201.03952
30	17	201.394439
32	17	190.152893
34	17	161.901306
36	17	120.388488
38	17	66.476074
40	17	1.601074
42	17	-74.442383
44	17	-155.580811
46	17	-228.699951
48	17	-296.667969
50	17	-364.189514
52	17	-419.118164
54	17	-445.33606
56	17	-433.341645
58	17	-379.837006
60	17	-289.533509
62	17	-179.019867
64	17	-71.825103
66	17	16.102906
68	17	71.811096
70	17	84.693299
72	17	61.434814
74	17	22.797851
76	17	-11.35315
78	17	-28.484131
80	17	-26.388672
82	17	-8.916015
84	17	16.705567
86	17	42.838379
88	17	64.417969
90	17	78.800782
92	17	84.583741
94	17	81.561767
96	17	70.439942
98	17	52.504394
100	17	29.943116
102	17	4.95044
104	17	-20.366699
106	17	-43.694824
108	17	-63.016601
110	17	-77.161133
112	17	-86.209229
114	17	-90.614258
116	17	-90.683106
118	17	-87.8479
120	17	-84.310669
122	17	-82.200684
124	17	-83.367798
126	17	-88.941284
128	17	-97.077515
130	17	-105.327026
132	17	-110.449463
134	17	-108.813843
136	17	-96.874634
138	17	-74.65271
140	17	-45.536865
142	17	-14.093689
144	17	12.917633
146	17	29.854126
148	17	35.496979
150	17	34.261284
152	17	34.328583
154	17	43.615936
156	17	66.061096
158	17	100.348816
160	17	141.219849
162	17	182.102539
164	17	217.944092
166	17	247.287842
168	17	271.484131
170	17	290.931152
172	17	303.16626
174	17	306.795654
176	17	305.837402
178	17	306.600586
180	17	310.811524
182	17	314.376465
184	17	309.526856
186	17	285.303222
188	17	229.521484
190	17	133.996582
192	17	0.422852
194	17	-156.649902
196	17	-311.260743
198	17	-434.161621
200	17	-505.47461
202	17	-523.955078
204	17	-504.242432
206	17	-466.079712
208	17	-423.692383
210	17	-382.295654
212	17	-342.236939
214	17	-304.483276
216	17	-270.631592
218	17	-239.529724
220	17	-208.602539
222	17	-177.417602
224	17	-146.994263
226	17	-119.530426
228	17	-95.6297
230	17	-73.816651
232	17	-53.413483
234	17	-33.809768
236	17	-14.919785
238	17	3.168473
240	17	20.04216
242	17	35.149369
244	17	47.91066
246	17	57.787628
248	17	64.246735
250	17	66.857819
252	17	65.429107
254	17	60.020203
256	17	50.969452
258	17	39.287963
260	17	26.718476
262	17	15.054916
264	17	5.591858
266	17	-1.189788
268	17	-4.961036
270	17	-5.568497
272	17	-3.621262
274	17	-0.35997
276	17	2.5019
278	17	3.13956
0	18	-17.539322
2	18	-25.782738
4	18	-27.16745
6	18	-20.611099
8	18	-1.3703
10	18	26.17279
12	18	56.340622
14	18	84.413467
16	18	108.192253
18	18	129.091219
20	18	150.815353
22	18	165.417438
24	18	176.156426
26	18	182.894119
28	18	185.397186
30	18	182.768433
32	18	172.644653
34	18	149.35083
36	18	115.393616
38	18	67.274415
40	18	4.174438
42	18	-68.881958
44	18	-149.059936
46	18	-229.012208
48	18	-301.51355
50	18	-369.002136
52	18	-426.124207
54	18	-460.040771
56	18	-456.370239
58	18	-415.476929
60	18	-341.937592
62	18	-242.572968
64	18	-135.828858
66	18	-39.993988
68	18	29.741516
70	18	60.822388
72	18	53.787109
74	18	25.800537
76	18	-2.330201
78	18	-17.89331
80	18	-17.380371
82	18	-3.23584
84	18	19.294678
86	18	43.474121
88	18	64.057373
90	18	77.985108
92	18	83.502442
94	18	79.86792
96	18	67.828369
98	18	49.356933
100	18	27.110107
102	18	2.85376
104	18	-21.737061
106	18	-43.620606
108	18	-60.785401
110	18	-72.222901
112	18	-78.185547
114	18	-79.787842
116	18	-77.890503
118	18	-74.380005
120	18	-70.991455
122	18	-69.428345
124	18	-71.059448
126	18	-76.882934
128	18	-84.640136
130	18	-91.538086
132	18	-95.732666
134	18	-93.649292
136	18	-83.022949
138	18	-63.965394
140	18	-39.840088
142	18	-14.154846
144	18	7.921142
146	18	21.873428
148	18	26.76387
150	18	25.732765
152	18	25.679413
154	18	33.411225
156	18	53.032837
158	18	84.020569
160	18	121.530151
162	18	158.39856
164	18	188.885986
166	18	212.283081
168	18	231.729004
170	18	249.119384
172	18	263.833741
174	18	275.534424
176	18	284.999756
178	18	293.164794
180	18	299.925293
182	18	302.351563
184	18	293.583984
186	18	263.646972
188	18	202.440429
190	18	104.554688
192	18	-24.991699
194	18	-168.688232
196	18	-300.415528
198	18	-396.175537
200	18	-444.704345
202	18	-450.309814
204	18	-427.080078
206	18	-391.838501
208	18	-356.45166
210	18	-324.643677
212	18	-295.782959
214	18	-269.256775
216	18	-245.435669
218	18	-222.287659
220	18	-197.492309
222	18	-170.550446
224	18	-144.10669
226	18	-119.40271
228	18	-97.070282
230	18	-76.66806
232	18	-57.219635
234	18	-38.414566
236	18	-20.213303
238	18	-2.933929
240	18	13.12854
242	18	27.49202
244	18	39.516312
246	18	48.698456
248	18	54.661239
250	18	57.137573
252	18	56.058197
254	18	51.477661
256	18	43.730683
258	18	33.596466
260	18	23.006317
262	18	12.899231
264	18	4.925934
266	18	-0.673828
268	18	-3.720817
270	18	-4.068459
272	18	-2.377419
274	18	0.349487
276	18	2.656655
278	18	2.949653
0	19	-17.188148
2	19	-26.801475
4	19	-29.372711
6	19	-23.436005
8	19	-4.504654
10	19	23.213302
12	19	53.587661
14	19	81.484711
16	19	104.27565
18	19	124.782095
20	19	146.011711
22	19	160.334326
24	19	168.993026
26	19	174.81578
28	19	174.540161
30	19	167.757752
32	19	154.24414
34	19	132.533936
36	19	102.198547
38	19	61.897461
40	19	5.21936
42	19	-64.3479
44	19	-142.515137
46	19	-225.923462
48	19	-305.045288
50	19	-374.740906
52	19	-428.967346
54	19	-456.989075
56	19	-455.496033
58	19	-426.183166
60	19	-371.764435
62	19	-295.178467
64	19	-204.155365
66	19	-109.85434
68	19	-29.514221
70	19	22.584534
72	19	37.907715
74	19	25.354614
76	19	3.65625
78	19	-11.061768
80	19	-12.344238
82	19	-0.659301
84	19	19.624756
86	19	42.863526
88	19	63.777832
90	19	78.632324
92	19	86.147705
94	19	84.839112
96	19	74.55957
98	19	56.809326
100	19	33.519531
102	19	7.678467
104	19	-16.754882
106	19	-37.838623
108	19	-54.158691
110	19	-65.008301
112	19	-70.791504
114	19	-71.389282
116	19	-68.457885
118	19	-64.508057
120	19	-61.295898
122	19	-60.578736
124	19	-61.85437
126	19	-64.698975
128	19	-70.625611
130	19	-77.666626
132	19	-82.602356
134	19	-81.850403
136	19	-75.368286
138	19	-60.39093
140	19	-37.21228
142	19	-14.309997
144	19	5.264343
146	19	18.268997
148	19	23.850063
150	19	24.259346
152	19	24.033432
154	19	29.241058
156	19	44.402222
158	19	70.003967
160	19	101.82074
162	19	133.003173
164	19	158.230224
166	19	176.455445
168	19	190.206054
170	19	202.849853
172	19	217.706299
174	19	236.007568
176	19	254.472168
178	19	268.625733
180	19	276.622803
182	19	276.355712
184	19	261.909668
186	19	224.6875
188	19	157.258301
190	19	59.203613
192	19	-59.852539
194	19	-179.596192
196	19	-278.085693
198	19	-340.865723
200	19	-366.263428
202	19	-362.120117
204	19	-339.391602
206	19	-310.281006
208	19	-283.697266
210	19	-262.430909
212	19	-244.780151
214	19	-229.001038
216	19	-214.072204
218	19	-198.37561
220	19	-180.364808
222	19	-159.202179
224	19	-137.640411
226	19	-117.305756
228	19	-97.717437
230	19	-79.039535
232	19	-61.078277
234	19	-43.474975
236	19	-26.102386
238	19	-9.32695
240	19	6.166092
242	19	19.903214
244	19	31.291336
246	19	39.952866
248	19	45.607376
250	19	48.049194
252	19	47.22876
254	19	43.401001
256	19	36.773102
258	19	28.180801
260	19	18.73561
262	19	9.994614
264	19	3.195312
266	19	-1.344726
268	19	-3.186966
270	19	-2.957245
272	19	-1.272575
274	19	1.091156
276	19	2.875103
278	19	2.810383
0	20	-16.751492
2	20	-26.73861
4	20	-29.95314
6	20	-24.29393
8	20	-5.161117
10	20	22.563538
12	20	51.8237
14	20	78.326508
16	20	100.617943
18	20	121.3195
20	20	142.501915
22	20	157.021786
24	20	164.62603
26	20	169.442856
28	20	167.140168
30	20	157.613709
32	20	142.520874
34	20	120.991394
36	20	89.19873
38	20	48.686951
40	20	-1.412232
42	20	-61.778443
44	20	-133.006836
46	20	-214.473022
48	20	-299.253235
50	20	-373.927856
52	20	-427.212646
54	20	-453.097412
56	20	-447.551269
58	20	-415.774353
60	20	-368.404998
62	20	-314.715668
64	20	-254.646698
66	20	-182.911041
68	20	-104.1651
70	20	-35.77655
72	20	4.443482
74	20	14.873535
76	20	7.243286
78	20	-4.546265
80	20	-7.248901
82	20	1.929565
84	20	19.623657
86	20	40.549927
88	20	60.175049
90	20	75.212646
92	20	84.309082
94	20	86.024414
96	20	79.369385
98	20	64.414062
100	20	42.339112
102	20	17.659424
104	20	-5.219483
106	20	-24.758789
108	20	-40.087036
110	20	-51.307739
112	20	-58.2323
114	20	-60.58728
116	20	-60.008911
118	20	-57.645386
120	20	-55.202515
122	20	-53.943238
124	20	-53.474853
126	20	-54.920166
128	20	-57.635742
130	20	-61.632141
132	20	-64.787171
134	20	-65.140747
136	20	-59.243165
138	20	-46.071228
140	20	-28.191132
142	20	-9.706329
144	20	4.870789
146	20	13.861755
148	20	17.357529
150	20	17.655525
152	20	18.030152
154	20	22.978119
156	20	35.645508
158	20	56.329346
160	20	82.372009
162	20	109.489929
164	20	133.687134
166	20	151.721802
168	20	162.360107
170	20	169.239258
172	20	179.114746
174	20	194.567382
176	20	211.33081
178	20	224.327148
180	20	231.458496
182	20	229.812988
184	20	212.487549
186	20	171.346924
188	20	102.762695
190	20	12.130616
192	20	-86.065429
194	20	-173.197266
196	20	-233.945557
198	20	-263.588623
200	20	-268.827637
202	20	-259.426514
204	20	-242.255737
206	20	-222.951172
208	20	-206.722657
210	20	-196.345337
212	20	-189.771301
214	20	-184.326049
216	20	-178.236145
218	20	-170.053284
220	20	-158.584625
222	20	-143.930695
224	20	-127.421387
226	20	-109.927979
228	20	-93.095703
230	20	-76.727905
232	20	-60.533493
234	20	-44.557999
236	20	-28.700775
238	20	-13.312241
240	20	1.03302
242	20	13.884827
244	20	24.837631
246	20	33.300247
248	20	38.738113
250	20	40.92749
252	20	40.101624
254	20	36.679977
256	20	30.910386
258	20	23.252136
260	20	15.102951
262	20	8.094604
264	20	2.542801
266	20	-1.03862
268	20	-2.862908
270	20	-2.733307
272	20	-1.089951
274	20	1.297589
276	20	2.876686
278	20	2.722385
0	21	-15.702304
2	21	-26.483055
4	21	-31.190559
6	21	-25.801636
8	21	-6.547348
10	21	20.271896
12	21	48.627808
14	21	74.52784
16	21	96.31739
18	21	116.98097
20	21	137.782627
22	21	152.772234
24	21	160.868508
26	21	165.797546
28	21	162.360901
30	21	151.498962
32	21	135.131225
34	21	113.056213
36	21	81.792236
38	21	41.13324
40	21	-7.333008
42	21	-65.026977
44	21	-132.863281
46	21	-207.848572
48	21	-284.733704
50	21	-354.109863
52	21	-405.731141
54	21	-431.468628
56	21	-427.230469
58	21	-396.482391
60	21	-352.920043
62	21	-310.211975
64	21	-263.288146
66	21	-217.181243
68	21	-162.707336
70	21	-100.974671
72	21	-48.210999
74	21	-14.11676
76	21	1.034668
78	21	4.102172
80	21	5.47644
82	21	12.579102
84	21	25.323487
86	21	41.210815
88	21	57.476197
90	21	72.237305
92	21	82.014526
94	21	85.484985
96	21	81.748535
98	21	70.431885
100	21	53.954345
102	21	35.115112
104	21	16.235962
106	21	-1.312744
108	21	-16.964111
110	21	-30.469604
112	21	-40.201539
114	21	-46.005494
116	21	-48.716675
118	21	-48.766358
120	21	-47.066651
122	21	-44.732544
124	21	-43.547241
126	21	-44.24292
128	21	-45.076294
130	21	-45.9823
132	21	-46.048035
134	21	-44.659973
136	21	-39.370788
138	21	-30.010742
140	21	-19.726685
142	21	-8.572052
144	21	0.051284
146	21	4.769051
148	21	6.964857
150	21	9.163529
152	21	14.318039
154	21	23.706574
156	21	37.214844
158	21	54.009522
160	21	73.182312
162	21	94.124573
164	21	115.001037
166	21	132.004883
168	21	142.036133
170	21	146.861451
172	21	151.237061
174	21	157.565186
176	21	164.578858
178	21	170.003662
180	21	171.489502
182	21	165.095703
184	21	144.788331
186	21	105.475342
188	21	47.308105
190	21	-22.478759
192	21	-90.674804
194	21	-143.142823
196	21	-171.256347
198	21	-176.915527
200	21	-170.166748
202	21	-159.219971
204	21	-147.919067
206	21	-139.180054
208	21	-135.700318
210	21	-136.989135
212	21	-140.151246
214	21	-142.988159
216	21	-144.73523
218	21	-143.732178
220	21	-137.900818
222	21	-127.76712
224	21	-115.423614
226	21	-101.4496
228	21	-86.936203
230	21	-72.711898
232	21	-58.545975
234	21	-44.018707
236	21	-29.230408
238	21	-14.662109
240	21	-0.95697
242	21	11.323212
244	21	21.553574
246	21	29.235901
248	21	33.962051
250	21	35.766342
252	21	34.896988
254	21	31.571244
256	21	26.118408
258	21	19.214523
260	21	12.259918
262	21	6.528381
264	21	2.276947
266	21	-0.474442
268	21	-1.817604
270	21	-1.638225
272	21	-0.333099
274	21	1.19624
276	21	2.571301
278	21	2.603279
0	22	-15.765338
2	22	-27.123772
4	22	-32.112564
6	22	-27.083077
8	22	-8.682526
10	22	16.831345
12	22	44.237717
14	22	69.263054
16	22	90.865265
18	22	111.513455
20	22	132.037121
22	22	147.30249
24	22	156.239807
26	22	161.889878
28	22	159.523224
30	22	148.807281
32	22	130.296509
34	22	106.979858
36	22	75.685364
38	22	35.086853
40	22	-13.087646
42	22	-67.823975
44	22	-132.797242
46	22	-206.777832
48	22	-281.147949
50	22	-344.961304
52	22	-389.697082
54	22	-408.534485
56	22	-399.359863
58	22	-366.077392
60	22	-322.911743
62	22	-283.11023
64	22	-250.322784
66	22	-216.793976
68	22	-176.522949
70	22	-134.357178
72	22	-93.049805
74	22	-53.284241
76	22	-22.072327
78	22	-2.377564
80	22	10.191406
82	22	21.192749
84	22	33.237182
86	22	45.887451
88	22	58.077759
90	22	68.667724
92	22	76.371216
94	22	80.606689
96	22	80.880493
98	22	77.087891
100	22	69.663696
102	22	58.987182
104	22	45.494629
106	22	30.270996
108	22	14.229492
110	22	-1.013306
112	22	-13.830566
114	22	-23.605347
116	22	-30.044922
118	22	-33.272766
120	22	-34.280883
122	22	-34.241455
124	22	-35.294128
126	22	-36.302551
128	22	-37.192566
130	22	-36.380676
132	22	-34.022095
134	22	-30.396149
136	22	-25.224244
138	22	-19.290222
140	22	-12.752899
142	22	-6.325226
144	22	-1.105606
146	22	2.943818
148	22	6.950471
150	22	12.478324
152	22	20.459397
154	22	30.694595
156	22	42.441193
158	22	55.008331
160	22	68.13623
162	22	81.75592
164	22	95.280517
166	22	107.604919
168	22	117.62207
170	22	124.405152
172	22	127.514649
174	22	127.347778
176	22	124.651733
178	22	119.402344
180	22	110.336182
182	22	95.596435
184	22	73.161621
186	22	41.455566
188	22	1.973388
190	22	-40.543457
192	22	-78.717285
194	22	-105.404785
196	22	-117.025391
198	22	-115.369629
200	22	-105.690796
202	22	-94.342529
204	22	-87.594849
206	22	-87.820068
208	22	-92.272216
210	22	-99.665711
212	22	-109.51825
214	22	-118.481506
216	22	-123.840576
218	22	-125.182068
220	22	-122.274109
222	22	-115.116027
224	22	-104.687317
226	22	-92.711624
228	22	-80.351807
230	22	-67.969772
232	22	-55.18866
234	22	-41.700546
236	22	-27.879028
238	22	-14.321426
240	22	-1.691085
242	22	9.465286
244	22	18.697434
246	22	25.576157
248	22	29.851593
250	22	31.397033
252	22	30.297973
254	22	26.841721
256	22	21.566894
258	22	15.428268
260	22	9.55333
262	22	5.125809
264	22	2.084793
266	22	0.122536
268	22	-0.835686
270	22	-0.66827
272	22	0.392738
274	22	1.772944
276	22	2.872584
278	22	2.629482
0	23	-15.854263
2	23	-26.985569
4	23	-31.842225
6	23	-27.054451
8	23	-9.260818
10	23	15.540848
12	23	41.937317
14	23	65.851112
16	23	86.62978
18	23	106.396427
20	23	126.283176
22	23	141.618365
24	23	150.988358
26	23	157.617508
28	23	156.958984
30	23	147.262024
32	23	128.343079
34	23	102.943298
36	23	69.167846
38	23	27.299011
40	23	-19.666443
42	23	-70.979187
44	23	-131.490234
46	23	-201.495666
48	23	-272.90686
50	23	-332.914612
52	23	-371.662719
54	23	-384.050781
56	23	-369.723328
58	23	-333.309082
60	23	-287.974243
62	23	-248.02649
64	23	-219.415101
66	23	-193.684509
68	23	-166.881347
70	23	-136.225098
72	23	-102.273498
74	23	-66.53363
76	23	-32.790527
78	23	-3.977173
80	23	18.560669
82	23	35.018555
84	23	46.979736
86	23	56.38269
88	23	64.453125
90	23	71.36206
92	23	76.729248
94	23	79.83606
96	23	80.591064
98	23	79.197265
100	23	75.358033
102	23	68.378052
104	23	58.28125
106	23	45.768555
108	23	31.960693
110	23	18.075806
112	23	5.174194
114	23	-6.055725
116	23	-15.541809
118	23	-23.584412
120	23	-30.655213
122	23	-37.023194
124	23	-42.115967
126	23	-45.02716
128	23	-44.90979
130	23	-41.396637
132	23	-35.218933
134	23	-27.586731
136	23	-20.138488
138	23	-13.552627
140	23	-8.197921
142	23	-4.179566
144	23	-0.919938
146	23	2.126237
148	23	5.582951
150	23	10.133637
152	23	16.259216
154	23	24.109741
156	23	33.365875
158	23	43.470001
160	23	53.655761
162	23	63.208191
164	23	72.093445
166	23	80.866089
168	23	89.824097
170	23	98.053344
172	23	103.491943
174	23	104.037842
176	23	98.588989
178	23	87.441529
180	23	71.647339
182	23	51.691895
184	23	27.700928
186	23	1.15503
188	23	-24.800537
190	23	-46.68042
192	23	-62.052978
194	23	-70.197998
196	23	-71.692871
198	23	-68.597168
200	23	-63.14978
202	23	-57.845093
204	23	-55.776123
206	23	-59.522339
208	23	-67.984253
210	23	-78.5047
212	23	-89.274536
214	23	-98.394104
216	23	-104.168427
218	23	-106.372345
220	23	-105.280335
222	23	-100.618958
224	23	-92.762481
226	23	-83.331375
228	23	-73.326141
230	23	-62.823967
232	23	-51.660553
234	23	-39.759071
236	23	-27.357681
238	23	-15.007752
240	23	-3.395019
242	23	6.878388
244	23	15.397888
246	23	21.763596
248	23	25.668259
250	23	26.946869
252	23	25.790024
254	23	22.671356
256	23	18.250702
258	23	13.352707
260	23	8.786904
262	23	5.30925
264	23	2.86618
266	23	1.179344
268	23	0.232346
270	23	0.204471
272	23	1.00513
274	23	2.125662
276	23	3.055489
278	23	2.995518
0	24	-15.771966
2	24	-26.36018
4	24	-30.905624
6	24	-26.081643
8	24	-8.762512
10	24	15.174377
12	24	40.654755
14	24	63.70121
16	24	83.696564
18	24	102.648038
20	24	121.857361
22	24	137.004892
24	24	146.328819
26	24	153.003357
28	24	152.566314
30	24	143.228638
32	24	124.666687
34	24	98.868652
36	24	64.028259
38	24	22.150269
40	24	-23.018189
42	24	-71.339172
44	24	-127.449646
46	24	-192.152954
48	24	-258.540406
50	24	-314.52887
52	24	-350.032593
54	24	-359.694275
56	24	-343.637024
58	24	-306.729248
60	24	-261.039429
62	24	-219.875763
64	24	-189.563233
66	24	-163.605225
68	24	-138.652466
70	24	-112.167541
72	24	-85.770325
74	24	-60.590088
76	24	-36.979004
78	24	-15.568909
80	24	2.430176
82	24	16.47583
84	24	27.14441
86	24	35.749878
88	24	43.363525
90	24	50.40686
92	24	56.810302
94	24	62.04126
96	24	65.039551
98	24	64.740234
100	24	61.02832
102	24	54.436889
104	24	45.833374
106	24	36.149536
108	24	26.226196
110	24	16.605224
112	24	7.642334
114	24	-0.530273
116	24	-8.032287
118	24	-14.953552
120	24	-21.103881
122	24	-26.202393
124	24	-29.858765
126	24	-31.809387
128	24	-31.596924
130	24	-29.172058
132	24	-24.938111
134	24	-19.776855
136	24	-14.85196
138	24	-10.978119
140	24	-8.632049
142	24	-7.452545
144	24	-6.544968
146	24	-4.972611
148	24	-2.06031
150	24	2.444
152	24	8.406748
154	24	15.480438
156	24	23.249222
158	24	31.34578
160	24	39.372803
162	24	47.105896
164	24	54.538513
166	24	61.71875
168	24	68.451721
170	24	74.005615
172	24	77.016907
174	24	75.839721
176	24	69.244507
178	24	57.142456
180	24	40.743774
182	24	21.798828
184	24	2.074097
186	24	-16.525024
188	24	-31.752319
190	24	-41.579224
192	24	-45.707153
194	24	-45.866333
196	24	-44.46936
198	24	-42.697266
200	24	-40.725098
202	24	-39.06604
204	24	-39.65979
206	24	-44.742614
208	24	-53.894348
210	24	-64.270874
212	24	-74.247131
214	24	-82.747436
216	24	-88.578369
218	24	-91.386322
220	24	-91.35286
222	24	-88.161362
224	24	-82.047501
226	24	-74.359718
228	24	-65.859734
230	24	-56.712769
232	24	-46.942947
234	24	-36.458203
236	24	-25.372215
238	24	-14.151931
240	24	-3.441101
242	24	6.155358
244	24	14.124664
246	24	20.002991
248	24	23.429245
250	24	24.316086
252	24	23.012558
254	24	20.098022
256	24	16.192184
258	24	11.970985
260	24	8.033928
262	24	4.955231
264	24	2.75906
266	24	1.309402
268	24	0.527769
270	24	0.430348
272	24	1.033317
274	24	1.985303
276	24	2.788128
278	24	2.82003
0	25	-15.388312
2	25	-25.601883
4	25	-29.964653
6	25	-25.235893
8	25	-8.425492
10	25	14.740631
12	25	39.42369
14	25	61.750458
16	25	81.123348
18	25	99.484018
20	25	118.090122
22	25	132.801365
24	25	141.758979
26	25	147.936752
28	25	147.027802
30	25	137.49411
32	25	119.228943
34	25	94.131103
36	25	60.424378
38	25	20.344422
40	25	-22.477294
42	25	-68.031677
44	25	-120.585205
46	25	-180.949218
48	25	-242.745788
50	25	-294.781372
52	25	-327.355713
54	25	-335.180481
56	25	-318.674317
58	25	-282.791504
60	25	-238.588623
62	25	-197.809113
64	25	-166.239105
66	25	-138.829132
68	25	-113.566406
70	25	-89.099548
72	25	-66.742431
74	25	-46.877442
76	25	-29.189331
78	25	-13.732361
80	25	-1.024414
82	25	8.834228
84	25	16.3974
86	25	22.558716
88	25	27.978393
90	25	32.955078
92	25	37.536499
94	25	41.414856
96	25	43.66394
98	25	43.350708
100	25	40.391662
102	25	35.345948
104	25	28.974304
106	25	22.075745
108	25	15.326783
110	25	9.096741
112	25	3.553223
114	25	-1.322143
116	25	-5.705566
118	25	-9.759217
120	25	-13.465332
122	25	-16.673523
124	25	-19.166504
126	25	-20.775909
128	25	-21.211822
130	25	-20.329223
132	25	-18.136414
134	25	-15.021637
136	25	-11.708649
138	25	-8.87027
140	25	-6.957916
142	25	-5.893967
144	25	-5.133835
146	25	-4.033371
148	25	-2.083969
150	25	0.906044
152	25	4.859158
154	25	9.555611
156	25	14.740401
158	25	20.182983
160	25	25.585297
162	25	30.811203
164	25	35.841477
166	25	40.599212
168	25	44.811523
170	25	47.991028
172	25	49.413849
174	25	48.200501
176	25	43.59491
178	25	35.399353
180	25	24.258057
182	25	11.424927
184	25	-1.663574
186	25	-13.617859
188	25	-23.046325
190	25	-28.805054
192	25	-30.968628
194	25	-30.956909
196	25	-30.579712
198	25	-30.417297
200	25	-30.204224
202	25	-30.065918
204	25	-31.518188
206	25	-36.492676
208	25	-44.836609
210	25	-54.24884
212	25	-63.472626
214	25	-71.599579
216	25	-77.468079
218	25	-80.65216
220	25	-81.296692
222	25	-79.110626
224	25	-74.214325
226	25	-67.718071
228	25	-60.268914
230	25	-52.086773
232	25	-43.274536
234	25	-33.741379
236	25	-23.564156
238	25	-13.17186
240	25	-3.183976
242	25	5.816818
244	25	13.322258
246	25	18.868424
248	25	22.088378
250	25	22.893677
252	25	21.631142
254	25	18.882347
256	25	15.238533
258	25	11.314492
260	25	7.633148
262	25	4.715722
264	25	2.609272
266	25	1.24004
268	25	0.519954
270	25	0.407538
272	25	0.939572
274	25	1.857528
276	25	2.658574
278	25	2.711704
