0	1	48.314516
2	1	56.459812
4	1	51.516004
6	1	44.344516
8	1	35.528263
10	1	31.040032
12	1	30.323227
14	1	27.476441
16	1	17.694
18	1	9.49649
20	1	11.961166
22	1	26.762574
24	1	40.391129
26	1	52.184708
28	1	68.648285
30	1	84.325622
32	1	95.475708
34	1	106.51767
36	1	127.425476
38	1	159.494873
40	1	192.187867
42	1	203.351685
44	1	221.993714
46	1	248.698242
48	1	282.813232
50	1	313.726379
52	1	336.052429
54	1	340.377929
56	1	356.887329
58	1	381.466736
60	1	417.500366
62	1	514.010376
64	1	675.921326
66	1	780.364746
68	1	716.868348
70	1	542.058045
72	1	371.216248
74	1	254.031738
76	1	186.914917
78	1	146.349366
80	1	117.962952
82	1	101.43158
84	1	99.43048
86	1	109.33728
88	1	135.634644
90	1	206.27478
92	1	356.819214
94	1	578.380981
96	1	802.851074
98	1	970.557251
100	1	1078.114441
102	1	1141.636047
104	1	1157.051789
106	1	1112.247498
108	1	1018.131775
110	1	916.6073
112	1	864.738098
114	1	910.538788
116	1	1070.126617
118	1	1311.263898
120	1	1562.090764
122	1	1756.414107
124	1	1879.820382
126	1	1966.477448
128	1	2051.181214
130	1	2124.115265
132	1	2128.791321
134	1	2009.792969
136	1	1766.847106
138	1	1452.724853
140	1	1122.281555
142	1	800.981262
144	1	492.608246
146	1	194.604096
148	1	-93.160156
150	1	-365.833466
152	1	-620.364944
154	1	-863.463479
156	1	-1110.534748
158	1	-1373.701371
160	1	-1651.598572
162	1	-1930.378754
164	1	-2193.303612
166	1	-2425.201927
168	1	-2611.517922
170	1	-2735.722
172	1	-2778.297592
174	1	-2720.786606
176	1	-2555.803162
178	1	-2298.273803
180	1	-1990.185486
182	1	-1685.189087
184	1	-1422.167725
186	1	-1208.582397
188	1	-1028.548462
190	1	-868.859131
192	1	-733.010987
194	1	-626.289795
196	1	-542.506958
198	1	-464.650268
200	1	-381.346558
202	1	-302.158631
204	1	-233.204956
206	1	-175.895874
208	1	-138.1091
210	1	-120.647308
212	1	-113.551681
214	1	-108.395431
216	1	-101.039414
218	1	-89.008484
220	1	-73.216377
222	1	-56.208489
224	1	-39.829453
226	1	-23.555886
228	1	-10.139214
230	1	-1.278618
232	1	1.730995
234	1	1.288353
236	1	-0.10025
238	1	-2.088146
240	1	-3.585512
242	1	-6.301468
244	1	-7.061966
246	1	-4.5336
248	1	0.96372
250	1	3.381141
252	1	1.331111
254	1	-5.326311
256	1	-10.137468
258	1	-9.276038
260	1	-15.499069
262	1	-20.108555
264	1	-19.063648
266	1	-19.879094
268	1	-16.392853
270	1	-8.79969
272	1	2.853117
274	1	13.450934
276	1	14.162969
278	1	5.384689
0	2	46.596912
2	2	53.65754
4	2	42.437997
6	2	28.633131
8	2	15.18644
10	2	6.086029
12	2	-1.496139
14	2	-9.246796
16	2	-16.886429
18	2	-18.136535
20	2	-6.86618
22	2	13.980835
24	2	30.599304
26	2	46.26535
28	2	65.039612
30	2	84.620758
32	2	99.743164
34	2	111.665039
36	2	134.637756
38	2	166.050964
40	2	198.412475
42	2	214.316955
44	2	240.708435
46	2	278.64087
48	2	320.951538
50	2	354.838623
52	2	383.481934
54	2	408.869385
56	2	452.943054
58	2	499.24353
60	2	560
62	2	676.355591
64	2	870.591919
66	2	1029.115357
68	2	919.263306
70	2	689.076538
72	2	466.156372
74	2	304.078858
76	2	204.00708
78	2	141.627808
80	2	102.293457
82	2	85.188477
84	2	90.40564
86	2	113.673584
88	2	157.958374
90	2	247.361816
92	2	411.851318
94	2	641.008057
96	2	872.108276
98	2	1047.304077
100	2	1155.155395
102	2	1207.415649
104	2	1206.577515
106	2	1150.242615
108	2	1054.617981
110	2	962.865906
112	2	931.738281
114	2	1006.210937
116	2	1195.434693
118	2	1459.711548
120	2	1725.461075
122	2	1930.432709
124	2	2063.590393
126	2	2159.413025
128	2	2252.898864
130	2	2335.072632
132	2	2347.866089
134	2	2232
136	2	1985.860046
138	2	1664.154419
140	2	1324.206971
142	2	992.73999
144	2	672.732026
146	2	359.188538
148	2	49.581497
150	2	-252.104473
152	2	-541.598579
154	2	-822.817886
156	2	-1108.458496
158	2	-1409.22052
160	2	-1723.489227
162	2	-2037.235626
164	2	-2333.335876
166	2	-2596.618866
168	2	-2813.014587
170	2	-2965.592682
172	2	-3032.711914
174	2	-2992.667236
176	2	-2836.514099
178	2	-2580.18811
180	2	-2266.180053
182	2	-1946.378662
184	2	-1658.945557
186	2	-1416.7229
188	2	-1213.848877
190	2	-1042.887451
192	2	-901.573975
194	2	-785.987549
196	2	-683.566528
198	2	-576.226441
200	2	-463.823853
202	2	-367.597901
204	2	-294.43573
206	2	-238.58258
208	2	-203.477173
210	2	-188.401825
212	2	-182.620972
214	2	-178.015915
216	2	-169.145431
218	2	-152.006836
220	2	-128.905777
222	2	-102.898758
224	2	-73.563828
226	2	-43.5867
228	2	-16.772766
230	2	1.291138
232	2	10.559295
234	2	14.80046
236	2	15.974777
238	2	14.459442
240	2	9.20694
242	2	4.080497
244	2	2.054748
246	2	5.90493
248	2	9.776542
250	2	10.082763
252	2	1.182411
254	2	-13.982696
256	2	-18.776024
258	2	-24.635798
260	2	-38.248225
262	2	-40.523332
264	2	-34.199341
266	2	-25.994244
268	2	-18.818184
270	2	-8.732441
272	2	6.514669
274	2	19.494134
276	2	18.928685
278	2	7.28565
0	3	35.994373
2	3	44.968727
4	3	33.257791
6	3	17.945019
8	3	7.669113
10	3	2.261413
12	3	-6.767105
14	3	-22.336197
16	3	-35.31485
18	3	-36.325485
20	3	-20.206177
22	3	-0.342988
24	3	12.903351
26	3	28.482757
28	3	48.916626
30	3	74.38562
32	3	94.751159
34	3	109.502746
36	3	129.98407
38	3	158.122498
40	3	184.061401
42	3	195.254516
44	3	222.166748
46	3	265.806152
48	3	311.637818
50	3	353.462402
52	3	403.338013
54	3	468.744262
56	3	541.674561
58	3	613.523438
60	3	689.241577
62	3	802.928955
64	3	1010.203247
66	3	1139.172241
68	3	1024.287354
70	3	786.3656
72	3	552.683593
74	3	361.032471
76	3	220.291382
78	3	125.763916
80	3	68.903442
82	3	47.546386
84	3	59.088257
86	3	98.321533
88	3	165.322754
90	3	274.069336
92	3	441.655273
94	3	657.165283
96	3	872.352295
98	3	1038.55835
100	3	1137.462402
102	3	1172.692871
104	3	1151.894653
106	3	1086.183716
108	3	999.678833
110	3	933.091431
112	3	935.143555
114	3	1040.649292
116	3	1249.464294
118	3	1518.397217
120	3	1779.290467
122	3	1979.877014
124	3	2114.690918
126	3	2215.051086
128	3	2309.620057
130	3	2388.648499
132	3	2401.455261
134	3	2297.375733
136	3	2074.486511
138	3	1779.457764
140	3	1463.628662
142	3	1152.602295
144	3	848.881652
146	3	545.6736
148	3	238.404179
150	3	-70.321548
152	3	-376.277405
154	3	-680.769806
156	3	-991.759216
158	3	-1315.986084
160	3	-1650.828186
162	3	-1983.062378
164	3	-2296.578064
166	3	-2577.133545
168	3	-2811.34961
170	3	-2982.312683
172	3	-3068.314698
174	3	-3048.785278
176	3	-2917.167358
178	3	-2689.389648
180	3	-2401.98413
182	3	-2098.743897
184	3	-1815.18457
186	3	-1569.85791
188	3	-1366.53833
190	3	-1200.25293
192	3	-1060.126465
194	3	-931.532959
196	3	-799.31958
198	3	-655.993408
200	3	-516.186889
202	3	-406.808349
204	3	-334.010742
206	3	-287.01294
208	3	-261.884216
210	3	-252.079041
212	3	-244.762909
214	3	-234.116608
216	3	-218.448425
218	3	-196.481567
220	3	-168.770813
222	3	-136.056121
224	3	-100.102051
226	3	-65.031952
228	3	-35.646423
230	3	-14.446778
232	3	-0.349029
234	3	8.841309
236	3	14.271302
238	3	15.350891
240	3	12.174774
242	3	8.678009
244	3	9.917008
246	3	18.412262
248	3	29.749054
250	3	32.402802
252	3	17.662155
254	3	-4.633201
256	3	-20.35416
258	3	-34.550778
260	3	-39.729198
262	3	-38.314964
264	3	-39.007767
266	3	-33.613888
268	3	-25.992596
270	3	-14.215058
272	3	1.980383
274	3	15.605495
276	3	14.561595
278	3	4.060171
0	4	27.31403
2	4	40.803063
4	4	32.098084
6	4	20.477467
8	4	15.039238
10	4	10.979591
12	4	0.980377
14	4	-17.846054
16	4	-32.455887
18	4	-33.877823
20	4	-21.161072
22	4	-4.926056
24	4	3.031555
26	4	11.287048
28	4	32.120178
30	4	58.96991
32	4	79.536804
34	4	95.849914
36	4	114.299927
38	4	136.61023
40	4	160.442627
42	4	175.913208
44	4	205.79126
46	4	250.9906
48	4	300.859009
50	4	352.713013
52	4	409.610473
54	4	482.217285
56	4	558.406616
58	4	651.531494
60	4	755.357178
62	4	881.958252
64	4	1052.308105
66	4	1140.106933
68	4	1039.759156
70	4	824.65979
72	4	610.222412
74	4	415.18457
76	4	248.311524
78	4	121.697265
80	4	40.827148
82	4	7.789063
84	4	20.123047
86	4	72.105224
88	4	160.482422
90	4	287.929931
92	4	456.076172
94	4	649.959228
96	4	834.403808
98	4	974.367676
100	4	1052.133789
102	4	1066.5354
104	4	1026.931153
106	4	953.380615
108	4	876.927979
110	4	835.807007
112	4	868.318482
114	4	996.629883
116	4	1212.243896
118	4	1472.64447
120	4	1719.434815
122	4	1912.141845
124	4	2049.243713
126	4	2155.319214
128	4	2249.762573
130	4	2322.550659
132	4	2335.884887
134	4	2253.377929
136	4	2072.943237
138	4	1828.574036
140	4	1560.720886
142	4	1291.859924
144	4	1024.514236
146	4	751.462936
148	4	466.691345
150	4	170.610763
152	4	-134.182068
154	4	-447.530274
156	4	-772.424072
158	4	-1110.579102
160	4	-1457.473388
162	4	-1800.782837
164	4	-2125.955811
166	4	-2419.569092
168	4	-2668.003662
170	4	-2853.912232
172	4	-2956.400878
174	4	-2958.272705
176	4	-2856.956299
178	4	-2668.730712
180	4	-2424.866211
182	4	-2161.926025
184	4	-1911.936768
186	4	-1695.028321
188	4	-1516.122559
190	4	-1365.131592
192	4	-1222.498535
194	4	-1069.716309
196	4	-898.801025
198	4	-718.630859
200	4	-556.963989
202	4	-442.75061
204	4	-378.05603
206	4	-345.017212
208	4	-330.355408
210	4	-322.233704
212	4	-309.845856
214	4	-291.807739
216	4	-268.656067
218	4	-239.530579
220	4	-204.341309
222	4	-164.515259
224	4	-124.029663
226	4	-87.589111
228	4	-57.33722
230	4	-32.282104
232	4	-10.721222
234	4	7.737274
236	4	21.126251
238	4	26.537353
240	4	23.932525
242	4	19.141174
244	4	20.700348
246	4	31.384217
248	4	47.788788
250	4	52.117965
252	4	34.379288
254	4	11.522461
256	4	-11.077576
258	4	-19.837822
260	4	-25.222702
262	4	-34.631619
264	4	-41.116505
266	4	-37.959954
268	4	-31.15813
270	4	-20.572969
272	4	-6.121128
274	4	6.599456
276	4	5.88555
278	4	-1.004233
0	5	18.05893
2	5	35.169038
4	5	31.549767
6	5	24.200561
8	5	19.752998
10	5	14.873306
12	5	6.661957
14	5	-10.296769
16	5	-27.96283
18	5	-32.371399
20	5	-23.434845
22	5	-13.307952
24	5	-6.414337
26	5	-0.508606
28	5	17.228149
30	5	40.98169
32	5	59.979309
34	5	77.949463
36	5	94.816284
38	5	110.659424
40	5	128.613525
42	5	149.255493
44	5	187.723267
46	5	237.063476
48	5	290.099609
50	5	346.243164
52	5	406.178101
54	5	472.954102
56	5	548.304321
58	5	644.357422
60	5	739.656006
62	5	846.486328
64	5	973.952637
66	5	1038.14502
68	5	959.065918
70	5	780.907227
72	5	601.985596
74	5	436.912109
76	5	277.714844
78	5	137.854981
80	5	36.880859
82	5	-12.606689
84	5	-7.722412
86	5	47.53247
88	5	147.604737
90	5	286.659668
92	5	454.046631
94	5	629.056885
96	5	783.006103
98	5	891.364502
100	5	942.115478
102	5	935.626221
104	5	882.499511
106	5	805.194092
108	5	736.437988
110	5	711.664794
112	5	760.763061
114	5	896.160156
116	5	1104.596558
118	5	1347.905517
120	5	1579.372437
122	5	1768.576538
124	5	1913.739379
126	5	2029.834595
128	5	2127.398438
130	5	2198.370728
132	5	2218.110107
134	5	2162.41687
136	5	2028.548523
138	5	1839.472717
140	5	1625.659973
142	5	1406.047455
144	5	1183.195229
146	5	950.347916
148	5	700.517273
150	5	431.289794
152	5	142.122803
154	5	-167.257813
156	5	-496.350463
158	5	-842.007934
160	5	-1196.811402
162	5	-1548.497315
164	5	-1883.815552
166	5	-2189.917237
168	5	-2452.498901
170	5	-2653.635498
172	5	-2773.904297
174	5	-2800.399658
176	5	-2734.866943
178	5	-2594.543701
180	5	-2407.324951
182	5	-2203.500488
184	5	-2008.335937
186	5	-1835.172364
188	5	-1681.566406
190	5	-1531.814697
192	5	-1367.044922
194	5	-1177.348633
196	5	-968.974121
198	5	-764.073975
200	5	-594.790283
202	5	-485.900635
204	5	-433.20459
206	5	-413.103271
208	5	-405.737854
210	5	-395.900208
212	5	-376.388794
214	5	-350.14502
216	5	-319.68219
218	5	-284.25293
220	5	-243.030883
222	5	-198.76532
224	5	-156.772339
226	5	-120.51477
228	5	-89.214111
230	5	-59.702271
232	5	-29.955444
234	5	-1.179138
236	5	22.674255
238	5	36.608032
240	5	38.640656
242	5	34.682129
244	5	34.702423
246	5	48.992737
248	5	70.421783
250	5	76.722106
252	5	66.307235
254	5	46.15097
256	5	32.369018
258	5	12.075348
260	5	-13.431412
262	5	-31.674286
264	5	-38.882717
266	5	-37.177726
268	5	-31.513087
270	5	-23.453231
272	5	-12.336574
274	5	-2.906259
276	5	-2.731741
278	5	-5.705071
0	6	9.589492
2	6	27.253974
4	6	27.740109
6	6	22.715833
8	6	19.191509
10	6	15.849045
12	6	9.50367
14	6	-5.962021
16	6	-22.872589
18	6	-30.45987
20	6	-27.635559
22	6	-22.041565
24	6	-18.254577
26	6	-14.725402
28	6	1.088379
30	6	20.670715
32	6	37.304444
34	6	56.64856
36	6	71.683349
38	6	81.946411
40	6	94.162597
42	6	118.882568
44	6	162.922119
46	6	214.61731
48	6	270.34082
50	6	332.173584
52	6	393.937744
54	6	456.425782
56	6	526.072021
58	6	586.284668
60	6	639.753174
62	6	718.896484
64	6	810.916992
66	6	852.332275
68	6	788.277343
70	6	646.584473
72	6	510.427002
74	6	394.927002
76	6	274.967285
78	6	151.896484
80	6	49.152588
82	6	-11.143311
84	6	-17.456055
86	6	31.232422
88	6	129.845459
90	6	268.741943
92	6	430.908447
94	6	591.266846
96	6	722.498047
98	6	805.313232
100	6	833.28833
102	6	811.279785
104	6	752.192138
106	6	677.851806
108	6	617.92041
110	6	603.014405
112	6	656.567627
114	6	785.431152
116	6	975.510864
118	6	1195.159546
120	6	1408.969727
122	6	1594.490478
124	6	1748.282227
126	6	1876.583496
128	6	1982.3125
130	6	2058.530518
132	6	2090.107422
134	6	2061.752198
136	6	1970.398376
138	6	1830.704529
140	6	1665.513732
142	6	1491.035767
144	6	1310.161574
146	6	1117.057892
148	6	904.407226
150	6	667.516541
152	6	402.591065
154	6	107.627686
156	6	-215.482666
158	6	-560.274414
160	6	-916.660523
162	6	-1272.00293
164	6	-1614.006836
166	6	-1930.431641
168	6	-2206.852539
170	6	-2425.734863
172	6	-2569.736573
174	6	-2629.67334
176	6	-2610.18457
178	6	-2528.186767
180	6	-2407.116455
182	6	-2268.91748
184	6	-2128.225098
186	6	-1987.78125
188	6	-1838.416504
190	6	-1666.143066
192	6	-1463.460937
194	6	-1236.410645
196	6	-1004.415528
198	6	-795.328857
200	6	-637.604736
202	6	-544.683227
204	6	-503.906982
206	6	-490.996827
208	6	-485.652099
210	6	-471.662842
212	6	-444.72113
214	6	-410.900451
216	6	-374.421265
218	6	-334.654846
220	6	-289.875977
222	6	-242.610351
224	6	-198.476928
226	6	-159.896668
228	6	-124.763977
230	6	-89.218689
232	6	-50.920654
234	6	-11.142517
236	6	25.24176
238	6	50.552673
240	6	58.953308
242	6	54.922241
244	6	56.214844
246	6	82.89325
248	6	114.98349
250	6	129.737427
252	6	124.431885
254	6	101.429932
256	6	69.799576
258	6	25.734391
260	6	-5.997482
262	6	-26.576073
264	6	-34.84433
266	6	-35.457356
268	6	-31.292152
270	6	-25.120561
272	6	-17.595833
274	6	-11.103689
276	6	-9.401733
278	6	-10.009753
0	7	2.150268
2	7	17.429712
4	7	21.130777
6	7	19.255451
8	7	18.54718
10	7	17.514404
12	7	13.389946
14	7	-2.339859
16	7	-19.207641
18	7	-28.940873
20	7	-32.037078
22	7	-30.616485
24	7	-28.114777
26	7	-26.246277
28	7	-15.377685
30	7	1.597534
32	7	16.750854
34	7	34.772949
36	7	47.314331
38	7	51.465332
40	7	58.162597
42	7	86.604858
44	7	133.35205
46	7	190.236328
48	7	248.562866
50	7	313.637451
52	7	373.154785
54	7	422.968872
56	7	461.451172
58	7	483.31372
60	7	513.089112
62	7	565.093506
64	7	626.066895
66	7	640.149658
68	7	572.641846
70	7	454.463379
72	7	354.368164
74	7	286.129883
76	7	217.400146
78	7	133.9104
80	7	51.165039
82	7	-6.443848
84	7	-20.381348
86	7	17.003173
88	7	104.036621
90	7	231.550781
92	7	381.508057
94	7	527.709717
96	7	643.02832
98	7	709.879882
100	7	724.684815
102	7	695.741211
104	7	637.997803
106	7	571.996582
108	7	522.787597
110	7	514.956299
112	7	566.532471
114	7	681.602295
116	7	847.778565
118	7	1040.405884
120	7	1233.400512
122	7	1410.495484
124	7	1567.728028
126	7	1705.966186
128	7	1822.444824
130	7	1909.303711
132	7	1956.619629
134	7	1955.362793
136	7	1902.480286
138	7	1806.105773
140	7	1682.729095
142	7	1546.243439
144	7	1400.321221
146	7	1240.628906
148	7	1060.6521
150	7	854.992721
152	7	617.700867
154	7	344.849243
156	7	38.049195
158	7	-295.005372
160	7	-642.830322
162	7	-992.792724
164	7	-1333.538575
166	7	-1653.808838
168	7	-1940.223388
170	7	-2177.092773
172	7	-2349.884522
174	7	-2451.786133
176	7	-2487.160644
178	7	-2468.928711
180	7	-2413.077637
182	7	-2331.541016
184	7	-2228.209472
186	7	-2097.90625
188	7	-1931.246094
190	7	-1724.310059
192	7	-1485.96875
194	7	-1236.458496
196	7	-1002.212402
198	7	-810.848633
200	7	-682.135498
202	7	-614.954834
204	7	-587.981567
206	7	-578.065063
208	7	-568.119873
210	7	-545.675476
212	7	-510.407043
214	7	-470.116577
216	7	-429.699829
218	7	-387.431579
220	7	-339.764526
222	7	-288.804077
224	7	-240.280334
226	7	-196.771179
228	7	-156.323181
230	7	-114.259156
232	7	-66.882385
234	7	-15.577515
236	7	31.859253
238	7	66.797119
240	7	87.39679
242	7	98.862671
244	7	108.28714
246	7	133.88266
248	7	164.051513
250	7	171.087891
252	7	152.809967
254	7	121.050202
256	7	75.851868
258	7	31.035889
260	7	-1.370086
262	7	-22.310974
264	7	-32.670079
266	7	-34.846798
268	7	-31.986448
270	7	-27.250966
272	7	-21.880187
274	7	-17.111478
276	7	-15.165221
278	7	-13.76008
0	8	-5.010997
2	8	6.27389
4	8	13.033939
6	8	15.373004
8	8	18.915566
10	8	20.94791
12	8	15.941551
14	8	2.672348
16	8	-13.261734
18	8	-27.761978
20	8	-39.535034
22	8	-41.846862
24	8	-37.520844
26	8	-33.863647
28	8	-27.353516
30	8	-13.746765
32	8	0.287597
34	8	16.783692
36	8	26.687378
38	8	26.648193
40	8	30.196045
42	8	59.873169
44	8	105.604737
46	8	160.668579
48	8	216.556274
50	8	278.060669
52	8	327.948853
54	8	355.087402
56	8	376.201416
58	8	382.478272
60	8	393.944092
62	8	425.210693
64	8	458.487305
66	8	446.473389
68	8	369.024414
70	8	263.208008
72	8	186.417969
74	8	149.644043
76	8	122.326904
78	8	80.827637
80	8	28.369385
82	8	-15.619629
84	8	-30.505371
86	8	-3.572266
88	8	67.862061
90	8	177.384765
92	8	309.0354
94	8	438.405274
96	8	539.749023
98	8	596.489013
100	8	606.025635
102	8	577.674072
104	8	526.604492
106	8	471.453125
108	8	432.856201
110	8	429.773926
112	8	475.88208
114	8	574.157715
116	8	715.170898
118	8	881.078857
120	8	1053.106934
122	8	1219.228638
124	8	1375.520142
126	8	1520.157959
128	8	1647.17334
130	8	1747.628296
132	8	1813.987061
134	8	1840.529419
136	8	1823.707642
138	8	1766.574035
140	8	1680.118165
142	8	1575.749222
144	8	1457.867019
146	8	1324.320221
148	8	1170.763184
150	8	992.699135
152	8	783.289673
154	8	537.106934
156	8	254.772461
158	8	-56.189575
160	8	-384.265136
162	8	-717.72583
164	8	-1046.549805
166	8	-1361.066162
168	8	-1650.173584
170	8	-1901.181641
172	8	-2102.532227
174	8	-2247.811279
176	8	-2337.830322
178	8	-2378.104004
180	8	-2374.76416
182	8	-2330.071289
184	8	-2242.065918
186	8	-2106.430175
188	8	-1921.403809
190	8	-1694.166504
192	8	-1443.269531
194	8	-1195.075684
196	8	-978.829101
198	8	-819.659424
200	8	-726.42456
202	8	-684.681396
204	8	-668.074218
206	8	-655.553588
208	8	-634.999878
210	8	-601.31897
212	8	-558.274292
214	8	-514.393188
216	8	-473.78479
218	8	-431.938721
220	8	-383.600586
222	8	-330.314575
224	8	-277.420532
226	8	-228.189576
228	8	-179.614624
230	8	-127.333679
232	8	-71.709839
234	8	-16.408143
236	8	40.091613
238	8	88.506348
240	8	116.186035
242	8	130.580933
244	8	134.882019
246	8	152.799682
248	8	173.609253
250	8	169.237518
252	8	146.68341
254	8	114.156418
256	8	74.033158
258	8	33.059189
260	8	1.919357
262	8	-18.640884
264	8	-30.465099
266	8	-34.066551
268	8	-32.85487
270	8	-29.471615
272	8	-25.736796
274	8	-22.340099
276	8	-20.337652
278	8	-16.764031
0	9	-11.956133
2	9	-4.254255
4	9	5.853823
6	9	11.7542
8	9	18.122341
10	9	22.101311
12	9	17.300697
14	9	7.446289
16	9	-4.552567
18	9	-24.734314
20	9	-46.179504
22	9	-57.215484
24	9	-51.396301
26	9	-43.293884
28	9	-36.336975
30	9	-23.644775
32	9	-10.649658
34	9	2.573364
36	9	9.29895
38	9	8.036133
40	9	10.432861
42	9	36.960327
44	9	78.112061
46	9	130.05542
48	9	182.427368
50	9	233.213745
52	9	276.151734
54	9	287.289673
56	9	294.245239
58	9	297.265137
60	9	292.476563
62	9	310.130127
64	9	325.788086
66	9	297.153077
68	9	215.581298
70	9	120.0896
72	9	57.168945
74	9	35.244873
76	9	29.83667
78	9	16.219971
80	9	-10.903077
82	9	-39.324951
84	9	-50.702393
86	9	-30.83252
88	9	25.85205
90	9	115.831543
92	9	226.211425
94	9	336.037842
96	9	422.486084
98	9	470.462891
100	9	477.543701
102	9	452.37915
104	9	409.008545
106	9	363.822266
108	9	333.661377
110	9	332.925049
112	9	371.89795
114	9	453.021973
116	9	570.251465
118	9	712.105713
120	9	865.639527
122	9	1021.599732
124	9	1175.805176
126	9	1324.83606
128	9	1461.45752
130	9	1576.522583
132	9	1663.567261
134	9	1717.807739
136	9	1734.423462
138	9	1712.553955
140	9	1658.808747
142	9	1582.122908
144	9	1487.17685
146	9	1374.258118
148	9	1242.201141
150	9	1088.424039
152	9	906.057343
154	9	688.653198
156	9	435.692626
158	9	153.926392
160	9	-145.917236
162	9	-453.504151
164	9	-760.518311
166	9	-1059.519531
168	9	-1342.54419
170	9	-1600.188965
172	9	-1823.250244
174	9	-2004.176025
176	9	-2138.5
178	9	-2223.908203
180	9	-2258.447754
182	9	-2237.750977
184	9	-2156.859375
186	9	-2014.568848
188	9	-1818.024902
190	9	-1584.90918
192	9	-1341.378418
194	9	-1116.689941
196	9	-937.824219
198	9	-821.787353
200	9	-764.509521
202	9	-741.125
204	9	-724.913941
206	9	-701.973267
208	9	-669.237427
210	9	-628.086548
212	9	-583.685425
214	9	-543.168946
216	9	-507.340942
218	9	-468.199219
220	9	-419.749146
222	9	-363.378418
224	9	-303.01477
226	9	-241.766968
228	9	-183.936279
230	9	-130.040894
232	9	-75.854126
234	9	-16.8125
236	9	41.703308
238	9	89.041137
240	9	126.667053
242	9	143.352662
244	9	147.6427
246	9	159.966431
248	9	166.216308
250	9	154.541473
252	9	134.078003
254	9	106.510086
256	9	71.503356
258	9	34.631592
260	9	5.549248
262	9	-15.499
264	9	-28.892399
266	9	-33.543295
268	9	-33.670566
270	9	-31.487133
272	9	-29.250888
274	9	-26.997855
276	9	-24.273351
278	9	-19.317545
0	10	-18.104478
2	10	-13.106628
4	10	-2.20207
6	10	6.039248
8	10	14.996834
10	10	20.513399
12	10	19.512599
14	10	14.544632
16	10	2.686798
18	10	-21.446945
20	10	-49.474884
22	10	-69.524384
24	10	-69.768555
26	10	-56.166931
28	10	-44.417175
30	10	-30.210144
32	10	-19.638184
34	10	-12.158081
36	10	-11.678711
38	10	-13.769654
40	10	-9.957275
42	10	14.056397
44	10	49.468384
46	10	95.059082
48	10	143.663818
50	10	189.995849
52	10	224.523437
54	10	228.653443
56	10	220.827392
58	10	220.159668
60	10	217.395752
62	10	218.986817
64	10	228.322022
66	10	196.786133
68	10	121.334473
70	10	39.293946
72	10	-14.190918
74	10	-32.432373
76	10	-32.689697
78	10	-35.578858
80	10	-49.146973
82	10	-66.604736
84	10	-73.839355
86	10	-58.327392
88	10	-13.900879
90	10	57.898682
92	10	147.068604
94	10	236.448731
96	10	306.806885
98	10	344.922852
100	10	348.345947
102	10	324.718995
104	10	286.783935
106	10	248.698487
108	10	224.031983
110	10	223.660156
112	10	255.18164
114	10	320.863526
116	10	417.687988
118	10	539.375
120	10	677.668701
122	10	825.28894
124	10	977.672486
126	10	1130.111694
128	10	1275.102906
130	10	1403.981567
132	10	1510.899414
134	10	1590.625488
136	10	1636.51001
138	10	1644.798279
140	10	1619.032837
142	10	1565.757896
144	10	1489.387116
146	10	1392.963013
148	10	1279.512085
150	10	1148.409256
152	10	992.052582
154	10	803.220214
156	10	581.419677
158	10	333.001098
160	10	66.885009
162	10	-208.668213
164	10	-487.083496
166	10	-763.17749
168	10	-1032.271485
170	10	-1288.270752
172	10	-1523.701416
174	10	-1729.056641
176	10	-1894.336426
178	10	-2010.31836
180	10	-2068.741211
182	10	-2062.444336
184	10	-1987.626464
186	10	-1847.849121
188	10	-1657.116211
190	10	-1439.341308
192	10	-1223.36377
194	10	-1036.941895
196	10	-901.534179
198	10	-824.133056
200	10	-790.358887
202	10	-772.39209
204	10	-748.568847
206	10	-713.250122
208	10	-672.442138
210	10	-631.968139
212	10	-594.461426
214	10	-562.570435
216	10	-532.925048
218	10	-494.991333
220	10	-442.1333
222	10	-375.378174
224	10	-302.793213
226	10	-237.882446
228	10	-185.129028
230	10	-133.62854
232	10	-75.949096
234	10	-18.410401
236	10	37.230041
238	10	87.351989
240	10	127.496033
242	10	151.148193
244	10	159.926513
246	10	162.863861
248	10	157.258972
250	10	143.747375
252	10	126.224915
254	10	101.664032
256	10	69.954209
258	10	35.756333
260	10	7.486825
262	10	-14.096138
264	10	-27.972595
266	10	-33.36501
268	10	-34.226504
270	10	-33.228648
272	10	-32.235054
274	10	-30.668385
276	10	-26.972378
278	10	-21.589225
0	11	-24.005295
2	11	-22.079975
4	11	-10.439277
6	11	0.152102
8	11	12.696249
10	11	19.767912
12	11	22.763439
14	11	20.118927
16	11	8.295349
18	11	-16.871506
20	11	-48.658478
22	11	-75.407409
24	11	-85.290344
26	11	-73.22168
28	11	-55.947692
30	11	-37.351929
32	11	-27.945557
34	11	-24.909424
36	11	-28.136841
38	11	-31.436768
40	11	-26.680908
42	11	-5.654907
44	11	22.742676
46	11	58.829834
48	11	100.205933
50	11	143.436279
52	11	175.602417
54	11	178.966675
56	11	164.08899
58	11	156.867919
60	11	155.527344
62	11	156.642334
64	11	158.656738
66	11	132.868653
68	11	72.791992
70	11	8.767334
72	11	-36.08081
74	11	-56.16626
76	11	-60.913331
78	11	-64.675781
80	11	-74.683105
82	11	-87.156738
84	11	-92.118652
86	11	-80.204589
88	11	-46.256836
90	11	9.200439
92	11	78.550781
94	11	148.070312
96	11	201.943115
98	11	228.87207
100	11	226.741211
102	11	202.505615
104	11	167.867187
106	11	134.952393
108	11	114.317139
110	11	113.893798
112	11	138.967774
114	11	191.731446
116	11	271.720703
118	11	376.897705
120	11	502.762695
122	11	643.496582
124	11	793.848633
126	11	947.996582
128	11	1098.812134
130	11	1238.640747
132	11	1362.239868
134	11	1463.205811
136	11	1532.645019
138	11	1564.45282
140	11	1560.562225
142	11	1525.861252
144	11	1463.89331
146	11	1380.540771
148	11	1284.50528
150	11	1177.437187
152	11	1048.584076
154	11	887.701294
156	11	695.712036
158	11	480.639771
160	11	249.373535
162	11	6.995606
164	11	-241.638427
166	11	-492.727051
168	11	-744.131836
170	11	-993.319336
172	11	-1233.64209
174	11	-1452.427246
176	11	-1634.874024
178	11	-1767.066895
180	11	-1837.127441
182	11	-1837.18457
184	11	-1766.413575
186	11	-1634.643555
188	11	-1461.282226
190	11	-1272.540039
192	11	-1096.490723
194	11	-956.937011
196	11	-866.366455
198	11	-819.86914
200	11	-796.945801
202	11	-774.061279
204	11	-738.576538
206	11	-694.704468
208	11	-655.34375
210	11	-623.790527
212	11	-596.332886
214	11	-573.017456
216	11	-545.795166
218	11	-500.838134
220	11	-436.071289
222	11	-362.453125
224	11	-294.819458
226	11	-235.903809
228	11	-176.052613
230	11	-114.874512
232	11	-58.889526
234	11	-4.36853
236	11	47.131165
238	11	94.758606
240	11	133.097046
242	11	156.368897
244	11	160.778839
246	11	152.466919
248	11	140.476746
250	11	129.49466
252	11	115.717392
254	11	94.46669
256	11	66.15918
258	11	33.755875
260	11	6.998771
262	11	-13.898537
264	11	-27.100569
266	11	-33.043265
268	11	-34.509242
270	11	-34.194195
272	11	-34.145671
274	11	-32.913669
276	11	-29.1054
278	11	-22.683481
0	12	-26.225109
2	12	-25.985494
4	12	-13.773667
6	12	-1.733256
8	12	12.288745
10	12	21.812778
12	12	27.818196
14	12	25.646278
16	12	12.308113
18	12	-13.006866
20	12	-45.957489
22	12	-75.680145
24	12	-92.722961
26	12	-89.68866
28	12	-71.132813
30	12	-48.998169
32	12	-36.035584
34	12	-32.791382
36	12	-36.930786
38	12	-41.519775
40	12	-38.64795
42	12	-23.023072
44	12	-0.294311
46	12	28.088501
48	12	60.862671
50	12	98.256958
52	12	127.313721
54	12	133.723755
56	12	119.472412
58	12	107.031128
60	12	110.092529
62	12	115.39856
64	12	108.443115
66	12	92.863282
68	12	53.276367
70	12	9.901367
72	12	-26.037354
74	12	-50.077637
76	12	-63.46875
78	12	-73.419678
80	12	-85.102783
82	12	-96.602783
84	12	-101.359864
86	12	-93.211181
88	12	-68.551025
90	12	-27.492188
92	12	24.097412
94	12	75.282959
96	12	113.365235
98	12	128.956299
100	12	120.552002
102	12	94.676269
104	12	62.19751
106	12	33.579102
108	12	16.828614
110	12	17.376464
112	12	38.247559
114	12	81.131592
116	12	147.440429
118	12	238.726319
120	12	353.957276
122	12	488.76709
124	12	636.849732
126	12	789.603638
128	12	940.268189
130	12	1084.404053
132	12	1218.637451
134	12	1334.883606
136	12	1421.586792
138	12	1469.865082
140	12	1482.258141
142	12	1464.779999
144	12	1418.258484
146	12	1347.970154
148	12	1265.77118
150	12	1176.164345
152	12	1070.071594
154	12	937.746216
156	12	777.329102
158	12	595.094116
160	12	396.808227
162	12	186.247314
164	12	-32.718995
166	12	-258.593506
168	12	-491.679443
170	12	-732.230957
172	12	-972.678223
174	12	-1196.866699
176	12	-1386.670899
178	12	-1525.953614
180	12	-1601.626953
182	12	-1606.560547
184	12	-1542.999511
186	12	-1425.154297
188	12	-1275.812012
190	12	-1122.490235
192	12	-990.33545
194	12	-895.46582
196	12	-839.771728
198	12	-810.393799
200	12	-786.526368
202	12	-751.924316
204	12	-705.227783
206	12	-660.760987
208	12	-631.245483
210	12	-611.266724
212	12	-593.176514
214	12	-570.842285
216	12	-534.103149
218	12	-478.952271
220	12	-414.706055
222	12	-348.825195
224	12	-280.346924
226	12	-211.023438
228	12	-143.258301
230	12	-84.322876
232	12	-32.544251
234	12	14.465149
236	12	56.373963
238	12	93.659912
240	12	125.248596
242	12	143.74234
244	12	144.598389
246	12	134.363342
248	12	124.068787
250	12	115.658783
252	12	104.086899
254	12	85.564346
256	12	58.73114
258	12	29.374199
260	12	5.170472
262	12	-13.717834
264	12	-27.021595
266	12	-32.683756
268	12	-33.629402
270	12	-33.425287
272	12	-33.964372
274	12	-34.061573
276	12	-31.244588
278	12	-22.938449
0	13	-27.435929
2	13	-27.760309
4	13	-15.533655
6	13	-2.128724
8	13	14.646236
10	13	26.422783
12	13	33.186613
14	13	31.098286
16	13	17.131005
18	13	-7.164886
20	13	-38.254319
22	13	-69.597351
24	13	-90.549591
26	13	-98.452942
28	13	-88.020263
30	13	-65.760376
32	13	-46.314942
34	13	-39.649414
36	13	-41.282593
38	13	-46.263183
40	13	-46.341308
42	13	-35.099487
44	13	-17.844361
46	13	3.315063
48	13	27.666137
50	13	54.789673
52	13	76.562866
54	13	86.594849
56	13	77.905517
58	13	68.19165
60	13	71.490357
62	13	85.038941
64	13	85.154053
66	13	67.942016
68	13	49.825684
70	13	26.736329
72	13	-1.351319
74	13	-29.952148
76	13	-52.576416
78	13	-69.489746
80	13	-83.793457
82	13	-95.310303
84	13	-100.542725
86	13	-96.05957
88	13	-79.567139
90	13	-50.730957
92	13	-14.257813
94	13	20.787354
96	13	44.817383
98	13	50.465088
100	13	36.517334
102	13	9.143066
104	13	-21.576171
106	13	-46.872803
108	13	-60.692871
110	13	-59.145264
112	13	-40.616211
114	13	-4.470947
116	13	50.916748
118	13	129.399659
120	13	234.117066
122	13	362.056762
124	13	505.634765
126	13	652.119995
128	13	796.491577
130	13	938.677246
132	13	1076.374878
134	13	1201.072632
136	13	1300.010376
138	13	1362.973908
140	13	1395.317318
142	13	1395.382004
144	13	1360.914367
146	13	1301.69867
148	13	1226.832123
150	13	1138.122239
152	13	1037.875992
154	13	926.555725
156	13	801.587525
158	13	659.595215
160	13	498.048584
162	13	320.361084
164	13	130.531006
166	13	-66.304443
168	13	-277.530273
170	13	-506.222168
172	13	-743.9375
174	13	-971.348633
176	13	-1165.79541
178	13	-1308.182129
180	13	-1385.35254
182	13	-1391.892578
184	13	-1334.723633
186	13	-1233.01416
188	13	-1111.609375
190	13	-996.174805
192	13	-904.954102
194	13	-845.323242
196	13	-812.058105
198	13	-789.580322
200	13	-760.055176
202	13	-715.310303
204	13	-664.456054
206	13	-627.14209
208	13	-608.804932
210	13	-595.47522
212	13	-576.286499
214	13	-548.295654
216	13	-507.502808
218	13	-453.883301
220	13	-390.071045
222	13	-317.833618
224	13	-242.618774
226	13	-167.916138
228	13	-105.696167
230	13	-56.581788
232	13	-16.745788
234	13	18.023559
236	13	50.27832
238	13	79.445984
240	13	105.908935
242	13	124.092377
244	13	127.266449
246	13	118.608429
248	13	109.836151
250	13	102.622223
252	13	91.835037
254	13	74.963349
256	13	50.685578
258	13	25.055405
260	13	2.927193
262	13	-14.01841
264	13	-24.825196
266	13	-30.497076
268	13	-32.47266
270	13	-32.92937
272	13	-33.865282
274	13	-34.887689
276	13	-32.650703
278	13	-22.68717
0	14	-28.238667
2	14	-28.786497
4	14	-16.025556
6	14	-1.698397
8	14	17.907605
10	14	32.257465
12	14	39.083836
14	14	36.572613
16	14	22.542183
18	14	-0.768982
20	14	-29.359741
22	14	-59.659088
24	14	-82.766968
26	14	-95.176209
28	14	-96.201538
30	14	-83.576843
32	14	-62.689148
34	14	-46.366272
36	14	-41.134522
38	14	-45.978027
40	14	-48.550537
42	14	-40.570923
44	14	-29.139893
46	14	-13.77771
48	14	4.836915
50	14	22.029419
52	14	34.329102
54	14	39.978272
56	14	38.470093
58	14	35.664673
60	14	42.409179
62	14	60.768677
64	14	75.035278
66	14	59.880615
68	14	45.498291
70	14	38.23706
72	14	20.224365
74	14	-9.180176
76	14	-38.48291
78	14	-60.535889
80	14	-75.898438
82	14	-86.430908
84	14	-91.669433
86	14	-89.979492
88	14	-80.091797
90	14	-61.088624
92	14	-36.58789
94	14	-14.76001
96	14	-2.592041
98	14	-4.647461
100	14	-22.660888
102	14	-51.273437
104	14	-80.194336
106	14	-102.410889
108	14	-113.984619
110	14	-111.646973
112	14	-94.805664
114	14	-64.934326
116	14	-20.261719
118	14	45.190918
120	14	139.089722
122	14	258.707519
124	14	390.399902
126	14	528.276978
128	14	674.435547
130	14	819.31836
132	14	956.100769
134	14	1081.62378
136	14	1187.352753
138	14	1272.276382
140	14	1328.582255
142	14	1335.244171
144	14	1302.734894
146	14	1244.468384
148	14	1168.032166
150	14	1073.9711
152	14	971.531495
154	14	868.805176
156	14	764.85791
158	14	659.403443
160	14	540.046509
162	14	400.923828
164	14	241.731445
166	14	68.448242
168	14	-117.244629
170	14	-330.833984
172	14	-560.795654
174	14	-787.139649
176	14	-982.528809
178	14	-1121.900391
180	14	-1193.425293
182	14	-1197.39746
184	14	-1147.223633
186	14	-1063.791504
188	14	-970.323242
190	14	-888.929199
192	14	-831.02002
194	14	-796.848632
196	14	-777.323243
198	14	-757.831543
200	14	-724.786865
202	14	-676.091309
204	14	-627.979492
206	14	-598.431152
208	14	-582.867432
210	14	-567.469239
212	14	-548.586792
214	14	-521.417847
216	14	-477.165162
218	14	-418.598389
220	14	-343.678833
222	14	-265.976563
224	14	-190.869018
226	14	-127.823975
228	14	-80.420044
230	14	-43.513611
232	14	-12.73645
234	14	14.485473
236	14	39.437561
238	14	64.623657
240	14	89.88974
242	14	108.651977
244	14	112.606262
246	14	103.717529
248	14	95.661072
250	14	89.753373
252	14	80.812821
254	14	64.908783
256	14	42.785317
258	14	20.940002
260	14	2.885185
262	14	-12.34185
264	14	-22.928366
266	14	-28.99569
268	14	-31.292953
270	14	-32.182585
272	14	-33.694442
274	14	-35.24444
276	14	-33.019524
278	14	-22.176238
0	15	-29.325479
2	15	-29.15367
4	15	-15.637379
6	15	0.081985
8	15	20.498886
10	15	36.651473
12	15	43.661428
14	15	39.476838
16	15	25.348724
18	15	3.865768
20	15	-22.514298
22	15	-52.648437
24	15	-77.874786
26	15	-90.418244
28	15	-93.755432
30	15	-90.44397
32	15	-78.443787
34	15	-63.265137
36	15	-50.636841
38	15	-47.397095
40	15	-49.497925
42	15	-46.782959
44	15	-43.185059
46	15	-30.706543
48	15	-12.564086
50	15	2.017944
52	15	10.879761
54	15	15.289795
56	15	16.975952
58	15	19.578125
60	15	28.126587
62	15	42.76001
64	15	61.230224
66	15	66.48938
68	15	47.894653
70	15	32.382813
72	15	22.044678
74	15	1.83374
76	15	-25.21289
78	15	-49.286377
80	15	-65.768311
82	15	-75.465088
84	15	-79.879638
86	15	-78.91919
88	15	-72.425049
90	15	-59.73291
92	15	-43.814209
94	15	-30.634766
96	15	-25.313477
98	15	-31.712403
100	15	-53.537598
102	15	-83.246582
104	15	-111.9375
106	15	-133.543457
108	15	-144.629639
110	15	-143.063721
112	15	-129.609375
114	15	-105.476563
116	15	-67.974365
118	15	-12.656616
120	15	67.036987
122	15	168.448486
124	15	281.987549
126	15	417.161377
128	15	574.317016
130	15	732.536743
132	15	875.57196
134	15	1000.712341
136	15	1110.680115
138	15	1201.775345
140	15	1254.512686
142	15	1261.560394
144	15	1233.508087
146	15	1177.622192
148	15	1096.118805
150	15	996.101955
152	15	891.003234
154	15	794.076417
156	15	703.570068
158	15	618.477905
160	15	528.949463
162	15	424.901978
164	15	298.624512
166	15	144.840088
168	15	-27.242188
170	15	-219.3125
172	15	-434.33545
174	15	-649.015136
176	15	-832.73877
178	15	-961.010742
180	15	-1027.366211
182	15	-1032.805664
184	15	-991.652344
186	15	-924.538086
188	15	-853.831055
190	15	-797.8125
192	15	-763.587402
194	15	-747.22583
196	15	-736.590088
198	15	-718.375976
200	15	-683.699707
202	15	-635.811523
204	15	-592.438477
206	15	-564.132812
208	15	-544.196778
210	15	-527.277099
212	15	-511.162841
214	15	-477.322021
216	15	-421.933716
218	15	-352.724487
220	15	-282.937378
222	15	-214.936646
224	15	-155.346558
226	15	-105.878051
228	15	-68.9151
230	15	-39.916748
232	15	-15.306396
234	15	7.488648
236	15	29.724182
238	15	52.348999
240	15	75.079346
242	15	92.527679
244	15	97.09436
246	15	90.391418
248	15	83.506562
250	15	78.650757
252	15	71.714737
254	15	58.570251
256	15	39.177155
258	15	19.372414
260	15	2.482674
262	15	-12.39685
264	15	-22.419034
266	15	-27.961661
268	15	-30.472819
270	15	-31.614236
272	15	-33.137175
274	15	-34.77385
276	15	-32.69612
278	15	-21.61646
0	16	-29.754744
2	16	-28.741381
4	16	-14.04685
6	16	2.236099
8	16	22.953454
10	16	39.513229
12	16	46.397004
14	16	40.554519
16	16	25.063034
18	16	4.592361
20	16	-20.514221
22	16	-51.131073
24	16	-78.433136
26	16	-92.814117
28	16	-94.85553
30	16	-89.155945
32	16	-83.300598
34	16	-77.61792
36	16	-67.505615
38	16	-59.063843
40	16	-57.718872
42	16	-53.417725
44	16	-52.030884
46	16	-47.44751
48	16	-36.79895
50	16	-24.902588
52	16	-14.103271
54	16	-4.27002
56	16	2.286377
58	16	13.395508
60	16	25.150146
62	16	36.725342
64	16	49.256592
66	16	62.337525
68	16	59.425659
70	16	36.131225
72	16	11.324951
74	16	-4.832276
76	16	-19.301758
78	16	-37.2146
80	16	-53.963867
82	16	-64.525391
84	16	-68.34375
86	16	-66.415528
88	16	-59.001465
90	16	-48.482666
92	16	-36.693604
94	16	-27.883545
96	16	-24.158203
98	16	-35.553955
100	16	-62.346192
102	16	-91.819092
104	16	-120.536621
106	16	-143.146484
108	16	-158.494385
110	16	-163.502929
112	16	-154.949829
114	16	-131.687866
116	16	-95.524536
118	16	-48.332031
120	16	13.054444
122	16	93.789551
124	16	202.364014
126	16	343.269653
128	16	504.290405
130	16	662.21399
132	16	806.884339
134	16	933.448273
136	16	1040.707672
138	16	1122.634155
140	16	1162.623152
142	16	1168.557374
144	16	1144.807831
146	16	1093.336792
148	16	1015.820343
150	16	922.95985
152	16	828.374527
154	16	743.726258
156	16	666.972717
158	16	591.032837
160	16	512.046753
162	16	421.664795
164	16	313.303711
166	16	175.161133
168	16	9.910644
170	16	-166.488281
172	16	-351.858643
174	16	-542.626953
176	16	-711.0354
178	16	-830.551514
180	16	-889.443603
182	16	-891.03125
184	16	-855.838379
186	16	-801.831055
188	16	-750.893067
190	16	-713.946289
192	16	-695.875489
194	16	-692.212158
196	16	-688.047363
198	16	-666.795898
200	16	-628.106934
202	16	-583.99707
204	16	-545.777099
206	16	-515.852295
208	16	-493.742188
210	16	-479.614258
212	16	-454.17334
214	16	-408.17334
216	16	-352.947266
218	16	-297.589112
220	16	-238.909058
222	16	-181.507568
224	16	-131.203736
226	16	-91.219604
228	16	-61.300354
230	16	-38.185424
232	16	-18.766968
234	16	0.868042
236	16	21.429382
238	16	44.028504
240	16	67.98114
242	16	85.629517
244	16	88.750824
246	16	80.889496
248	16	74.215454
250	16	70.422546
252	16	64.444183
254	16	53.157303
256	16	35.932717
258	16	17.153343
260	16	0.787601
262	16	-12.329879
264	16	-21.649467
266	16	-26.887593
268	16	-29.452706
270	16	-30.567588
272	16	-31.971615
274	16	-33.866035
276	16	-32.069493
278	16	-21.175087
0	17	-30.00053
2	17	-28.179554
4	17	-12.528104
6	17	4.308819
8	17	25.044778
10	17	40.799325
12	17	46.965913
14	17	39.982057
16	17	23.607483
18	17	2.48732
20	17	-21.268341
22	17	-48.716675
24	17	-76.557587
26	17	-95.265747
28	17	-100.088135
30	17	-96.654419
32	17	-93.53479
34	17	-88.225891
36	17	-81.004394
38	17	-77.596802
40	17	-74.246643
42	17	-65.789612
44	17	-60.462097
46	17	-56.078857
48	17	-52.992554
50	17	-47.200561
52	17	-38.425232
54	17	-26.48639
56	17	-14.990723
58	17	-0.286865
60	17	17.494201
62	17	37.84137
64	17	49.908203
66	17	52.041993
68	17	54.947876
70	17	45.762451
72	17	19.911743
74	17	-6.844117
76	17	-25.972657
78	17	-39.802002
80	17	-50.479736
82	17	-57.994873
84	17	-61.155762
86	17	-58.936768
88	17	-50.66211
90	17	-39.29126
92	17	-26.830567
94	17	-18.039795
96	17	-16.394531
98	17	-33.290283
100	17	-60.567383
102	17	-87.858154
104	17	-113.775635
106	17	-135.583252
108	17	-153.060425
110	17	-159.964966
112	17	-156.230713
114	17	-142.081177
116	17	-115.209473
118	17	-76.512085
120	17	-26.967285
122	17	41.515625
124	17	143.333862
126	17	283.496216
128	17	441.808166
130	17	598.450073
132	17	743.693787
134	17	869.311981
136	17	964.178757
138	17	1027.293556
140	17	1052.647507
142	17	1052.237945
144	17	1029.512146
146	17	981.741272
148	17	910.762207
150	17	828.45244
152	17	751.269226
154	17	685.955078
156	17	626.720459
158	17	565.26709
160	17	499.605347
162	17	422.198975
164	17	323.721069
166	17	194.956054
168	17	33.888672
170	17	-141.608643
172	17	-310.762207
174	17	-467.178955
176	17	-609.279053
178	17	-718.33789
180	17	-775.685303
182	17	-779.238037
184	17	-746.916992
186	17	-701.526367
188	17	-659.844971
190	17	-636.674073
192	17	-631.326172
194	17	-634.682129
196	17	-627.659668
198	17	-600.812256
200	17	-562.609863
202	17	-524.318604
204	17	-489.273437
206	17	-460.781982
208	17	-445.733887
210	17	-427.894287
212	17	-393.103027
214	17	-350.898438
216	17	-306.175415
218	17	-254.220825
220	17	-203.189942
222	17	-155.594727
224	17	-116.279541
226	17	-85.263549
228	17	-59.988037
230	17	-37.552063
232	17	-17.120423
234	17	2.342224
236	17	20.761718
238	17	40.033996
240	17	60.19339
242	17	75.408203
244	17	78.070312
246	17	70.714203
248	17	64.462784
250	17	61.808807
252	17	57.202179
254	17	47.795609
256	17	32.816124
258	17	15.287102
260	17	-0.449867
262	17	-12.631321
264	17	-20.984296
266	17	-26.052414
268	17	-28.550002
270	17	-29.595798
272	17	-31.043041
274	17	-33.04335
276	17	-31.54588
278	17	-20.956768
0	18	-30.48424
2	18	-27.773721
4	18	-11.365624
6	18	5.703494
8	18	25.370114
10	18	39.759425
12	18	44.754079
14	18	37.413372
16	18	21.922989
18	18	1.465775
20	18	-21.013199
22	18	-45.426331
24	18	-72.566986
26	18	-93.137604
28	18	-102.808654
30	18	-102.138489
32	18	-100.246033
34	18	-99.798218
36	18	-95.161743
38	18	-93.377136
40	18	-91.614136
42	18	-82.860534
44	18	-76.789856
46	18	-70.511536
48	18	-62.346191
50	18	-53.107361
52	18	-48.759399
54	18	-40.173767
56	18	-26.578918
58	18	-8.858581
60	18	8.044189
62	18	23.408569
64	18	49.207886
66	18	61.420044
68	18	51.834229
70	18	41.96521
72	18	31.5979
74	18	12.854859
76	18	-11.601562
78	18	-34.963379
80	18	-52.701172
82	18	-63.979003
84	18	-69.10498
86	18	-68.382446
88	18	-60.816162
90	18	-47.423829
92	18	-34.693847
94	18	-24.954102
96	18	-27.930908
98	18	-43.795776
100	18	-61.627563
102	18	-81.633301
104	18	-100.871704
106	18	-119.026978
108	18	-135.187011
110	18	-145.397339
112	18	-150.54895
114	18	-146.621826
116	18	-128.868775
118	18	-99.276245
120	18	-60.055054
122	18	3.605102
124	18	104.606812
126	18	237.275452
128	18	384.000672
130	18	534.86969
132	18	679.162659
134	18	802.427979
136	18	893.643387
138	18	942.700325
140	18	959.348103
142	18	955.381073
144	18	933.072632
146	18	891.769257
148	18	836.100128
150	18	774.988853
152	18	716.376022
154	18	660.066986
156	18	609.600342
158	18	559.224305
160	18	503.909424
162	18	430.969482
164	18	335.28479
166	18	213.366943
168	18	63.076172
170	18	-106.042724
172	18	-272.438232
174	18	-419.171386
176	18	-537.734864
178	18	-620.45581
180	18	-660.309326
182	18	-662.51709
184	18	-639.330566
186	18	-606.797363
188	18	-579.947754
190	18	-563.12085
192	18	-563.089599
194	18	-565.327636
196	18	-552.794678
198	18	-522.331055
200	18	-491.214355
202	18	-469.184326
204	18	-446.867187
206	18	-423.741699
208	18	-399.574951
210	18	-375.125977
212	18	-349.754395
214	18	-317.329224
216	18	-276.246826
218	18	-232.461425
220	18	-188.98938
222	18	-148.280395
224	18	-110.93512
226	18	-78.174255
228	18	-51.852967
230	18	-30.924316
232	18	-12.796082
234	18	4.022583
236	18	20.16687
238	18	37.49942
240	18	55.723663
242	18	69.474396
244	18	72.260712
246	18	65.697235
248	18	60.102341
250	18	57.483933
252	18	53.164551
254	18	44.235237
256	18	29.663918
258	18	13.069503
260	18	-1.642536
262	18	-13.071947
264	18	-20.62943
266	18	-25.451952
268	18	-27.948594
270	18	-28.995603
272	18	-30.391002
274	18	-32.527443
276	18	-31.284893
278	18	-20.854873
0	19	-31.072606
2	19	-26.955292
4	19	-10.715813
6	19	5.181308
8	19	23.548393
10	19	37.384303
12	19	42.22273
14	19	35.355496
16	19	21.409371
18	19	2.211594
20	19	-19.613189
22	19	-42.56189
24	19	-67.638
26	19	-86.758545
28	19	-98.415069
30	19	-102.436401
32	19	-101.786377
34	19	-105.503784
36	19	-105.393188
38	19	-105.34668
40	19	-104.204345
42	19	-94.948791
44	19	-87.269593
46	19	-80.741638
48	19	-71.772705
50	19	-63.086853
52	19	-56.457581
54	19	-44.879577
56	19	-29.109253
58	19	-9.943665
60	19	5.760498
62	19	18.195191
64	19	32.120117
66	19	48.243897
68	19	58.91919
70	19	49.006958
72	19	31.118042
74	19	23.09375
76	19	12.815429
78	19	-1.461792
80	19	-15.84082
82	19	-27.445923
84	19	-37.559204
86	19	-45.375977
88	19	-49.700684
90	19	-49.246582
92	19	-45.065307
94	19	-43.135132
96	19	-54.204834
98	19	-69.591919
100	19	-89.187378
102	19	-108.876831
104	19	-126.865479
106	19	-142.627564
108	19	-154.026367
110	19	-164.744507
112	19	-167.73645
114	19	-154.959961
116	19	-128.599366
118	19	-89.748291
120	19	-40.862427
122	19	21.5766
124	19	108.88385
126	19	214.024719
128	19	329.499451
130	19	456.060242
132	19	583.525269
134	19	697.754821
136	19	788.212311
138	19	846.458702
140	19	877.927114
142	19	883.942558
144	19	866.408752
146	19	832.881469
148	19	793.829865
150	19	757.632233
152	19	725.366203
154	19	694.022438
156	19	664.52652
158	19	632.031434
160	19	587.548279
162	19	527.294067
164	19	442.487793
166	19	328.215943
168	19	183.84729
170	19	19.859619
172	19	-148.628174
174	19	-299.368652
176	19	-415.690674
178	19	-487.783691
180	19	-519.67749
182	19	-523.199463
184	19	-510.060547
186	19	-492.830078
188	19	-482.942871
190	19	-474.662109
192	19	-472.479493
194	19	-464.141602
196	19	-444.520264
198	19	-433.881104
200	19	-438.906006
202	19	-427.941407
204	19	-411.570556
206	19	-392.551513
208	19	-374.458619
210	19	-358.692139
212	19	-332.201904
214	19	-296.464599
216	19	-255.940674
218	19	-214.362915
220	19	-173.329712
222	19	-134.246399
224	19	-100.191467
226	19	-71.690613
228	19	-47.720215
230	19	-27.707214
232	19	-10.54596
234	19	5.103088
236	19	20.102173
238	19	35.978241
240	19	52.749024
242	19	65.522156
244	19	68.054657
246	19	61.810303
248	19	56.387604
250	19	53.683227
252	19	49.293029
254	19	40.460075
256	19	26.229034
258	19	10.730141
260	19	-2.796555
262	19	-13.375309
264	19	-20.274952
266	19	-24.830526
268	19	-27.44411
270	19	-28.708436
272	19	-30.094504
274	19	-32.274166
276	19	-31.162803
278	19	-20.744214
0	20	-31.047907
2	20	-26.885284
4	20	-11.768202
6	20	2.823845
8	20	21.028941
10	20	35.515709
12	20	40.8261
14	20	34.293522
16	20	21.252106
18	20	2.933609
20	20	-18.406982
22	20	-40.518341
24	20	-64.77359
26	20	-82.460723
28	20	-93.091186
30	20	-98.242187
32	20	-100.574585
34	20	-105.022461
36	20	-107.302307
38	20	-108.805481
40	20	-104.723388
42	20	-94.454407
44	20	-86.830872
46	20	-81.065491
48	20	-76.088379
50	20	-70.020752
52	20	-60.675293
54	20	-46.27063
56	20	-29.102051
58	20	-11.174194
60	20	4.55957
62	20	16.87207
64	20	26.360412
66	20	32.398804
68	20	36.09259
70	20	41.210693
72	20	46.393067
74	20	46.297485
76	20	39.388428
78	20	28.942261
80	20	18.634033
82	20	12.522461
84	20	9.298706
86	20	6.154297
88	20	3.527099
90	20	3.684082
92	20	1.213501
94	20	-8.268066
96	20	-28.789551
98	20	-54.583008
100	20	-78.670776
102	20	-107.300659
104	20	-135.633179
106	20	-160.265747
108	20	-179.132447
110	20	-191.892639
112	20	-191.157593
114	20	-174.657897
116	20	-143.94812
118	20	-103.258972
120	20	-56.410523
122	20	-7.533631
124	20	46.986267
126	20	112.797424
128	20	191.39917
130	20	282.776062
132	20	379.798676
134	20	473.511475
136	20	554.636306
138	20	614.878372
140	20	657.564759
142	20	677.49351
144	20	674.946262
146	20	657.5299
148	20	634.945954
150	20	615.064331
152	20	601.216217
154	20	596.622284
156	20	598.653236
158	20	599.55539
160	20	587.539215
162	20	555.975952
164	20	496.029479
166	20	401.438721
168	20	277.384155
170	20	130.080444
172	20	-27.532349
174	20	-168.058106
176	20	-272.81836
178	20	-341.5979
180	20	-377.499512
182	20	-390.261963
184	20	-388.066406
186	20	-382.499268
188	20	-380.054931
190	20	-374.808838
192	20	-363.245361
194	20	-362.305908
196	20	-371.768555
198	20	-377.47998
200	20	-380.95459
202	20	-379.547119
204	20	-380.360596
206	20	-377.641113
208	20	-364.705932
210	20	-342.157837
212	20	-305.618531
214	20	-263.388427
216	20	-224.421509
218	20	-190.263672
220	20	-157.48822
222	20	-123.578369
224	20	-92.019714
226	20	-65.71344
228	20	-44.101196
230	20	-26.05127
232	20	-10.749878
234	20	3.061493
236	20	16.366516
238	20	30.977325
240	20	46.760742
242	20	59.112916
244	20	62.489868
246	20	57.634766
248	20	52.706055
250	20	49.946625
252	20	45.490601
254	20	36.842888
256	20	23.360588
258	20	8.893406
260	20	-3.861645
262	20	-13.601936
264	20	-19.874292
266	20	-24.159697
268	20	-26.895141
270	20	-28.34924
272	20	-29.878875
274	20	-32.064316
276	20	-30.992471
278	20	-20.558434
0	21	-31.161584
2	21	-27.997114
4	21	-13.488078
6	21	1.499079
8	21	20.734679
10	21	35.89504
12	21	40.992087
14	21	34.349226
16	21	21.342942
18	21	3.277695
20	21	-17.503479
22	21	-38.950806
24	21	-62.391327
26	21	-80.310761
28	21	-91.375092
30	21	-97.111877
32	21	-100.320496
34	21	-104.963745
36	21	-106.730774
38	21	-106.854126
40	21	-100.076599
42	21	-88.243774
44	21	-80.898499
46	21	-75.185241
48	21	-70.354309
50	21	-64.844727
52	21	-55.15094
54	21	-38.654175
56	21	-19.530456
58	21	-1.61969
60	21	13
62	21	23.641541
64	21	30.861816
66	21	31.968628
68	21	31.321106
70	21	33.499878
72	21	38.764526
74	21	39.433349
76	21	38.416748
78	21	38.893067
80	21	33.869263
82	21	26.639404
84	21	22.672486
86	21	21.206909
88	21	20.466553
90	21	19.327759
92	21	16.887085
94	21	10.144898
96	21	1.091309
98	21	-14.348145
100	21	-39.171997
102	21	-67.709717
104	21	-95.911377
106	21	-119.406311
108	21	-133.140259
110	21	-133.485047
112	21	-123.324219
114	21	-104.007691
116	21	-79.787354
118	21	-55.998901
120	21	-33.523987
122	21	-10.84668
124	21	13.172638
126	21	42.717865
128	21	81.573547
130	21	131.140381
132	21	191.30719
134	21	259.651093
136	21	328.488464
138	21	388.700287
140	21	433.4691
142	21	463.271904
144	21	478.217762
146	21	482.344269
148	21	481.965195
150	21	481.384842
152	21	483.567245
154	21	488.245922
156	21	492.844505
158	21	493.586868
160	21	488.188537
162	21	470.932618
164	21	429.524292
166	21	356.496032
168	21	253.792725
170	21	132.529175
172	21	10.065186
174	21	-98.18811
176	21	-177.376953
178	21	-227.265869
180	21	-256.449951
182	21	-274.371338
184	21	-286.689942
186	21	-296.599609
188	21	-293.795898
190	21	-284.065186
192	21	-287.26709
194	21	-298.247558
196	21	-306.801758
198	21	-321.959717
200	21	-339.10376
202	21	-356.456299
204	21	-360.403809
206	21	-353.764161
208	21	-332.592774
210	21	-302.361206
212	21	-268.892701
214	21	-234.826905
216	21	-203.335205
218	21	-173.615784
220	21	-143.271301
222	21	-112.651428
224	21	-84.83374
226	21	-61.473755
228	21	-41.569519
230	21	-24.648254
232	21	-10.163086
234	21	2.721924
236	21	15.069153
238	21	28.646149
240	21	43.138153
242	21	54.86734
244	21	58.767578
246	21	54.345474
248	21	49.180893
250	21	46.465256
252	21	42.080871
254	21	34.002396
256	21	21.382004
258	21	7.689224
260	21	-4.459034
262	21	-13.690281
264	21	-19.539503
266	21	-23.5662
268	21	-26.269926
270	21	-27.760232
272	21	-29.384622
274	21	-31.673385
276	21	-30.611304
278	21	-20.31442
0	22	-31.214317
2	22	-28.47438
4	22	-14.132325
6	22	1.546414
8	22	21.332882
10	22	36.473544
12	22	41.062662
14	22	34.259001
16	22	21.482452
18	22	3.902107
20	22	-16.28032
22	22	-37.259918
24	22	-59.993927
26	22	-77.469757
28	22	-89.12796
30	22	-95.889435
32	22	-100.276855
34	22	-105.586669
36	22	-106.951905
38	22	-105.537415
40	22	-98.150696
42	22	-86.494934
44	22	-79.561707
46	22	-75.304687
48	22	-69.519409
50	22	-61.611877
52	22	-51.005371
54	22	-35.655701
56	22	-19.668885
58	22	-3.609192
60	22	10.83844
62	22	23.206848
64	22	33.074646
66	22	39.406616
68	22	41.087097
70	22	41.564026
72	22	41.493408
74	22	36.724243
76	22	29.977051
78	22	21.744019
80	22	13.380493
82	22	7.750611
84	22	4.221192
86	22	1.760376
88	22	0.920532
90	22	-1.667847
92	22	-8.258667
94	22	-19.174927
96	22	-33.083984
98	22	-49.704468
100	22	-66.962281
102	22	-81.934936
104	22	-94.082153
106	22	-103.090515
108	22	-108.81781
110	22	-110.381531
112	22	-108.168152
114	22	-101.635742
116	22	-90.719543
118	22	-77.293121
120	22	-63.83667
122	22	-51.396514
124	22	-36.865417
126	22	-17.41156
128	22	9.310028
130	22	43.47998
132	22	82.99617
134	22	126.42717
136	22	173.010757
138	22	219.850059
140	22	262.786633
142	22	299.078543
144	22	324.234115
146	22	338.640533
148	22	342.937362
150	22	340.711754
152	22	336.154165
154	22	333.849182
156	22	332.25032
158	22	329.552933
160	22	320.539093
162	22	298.274383
164	22	259.962159
166	22	205.520019
168	22	137.416565
170	22	58.402344
172	22	-23.349365
174	22	-98.254394
176	22	-160.069336
178	22	-205.427978
180	22	-232.958252
182	22	-244.14502
184	22	-242.217651
186	22	-231.086914
188	22	-217.054443
190	22	-210.365234
192	22	-218.565674
194	22	-238.740479
196	22	-265.433105
198	22	-293.099121
200	22	-311.590699
202	22	-321.031738
204	22	-317.580445
206	22	-304.71814
208	22	-288.937255
210	22	-267.229248
212	22	-241.153809
214	22	-213.277588
216	22	-185.999023
218	22	-158.565369
220	22	-129.917297
222	22	-102.33429
224	22	-77.603821
226	22	-56.468933
228	22	-38.149536
230	22	-22.683593
232	22	-9.390717
234	22	2.500367
236	22	13.946258
238	22	26.499848
240	22	39.849335
242	22	50.995575
244	22	54.99025
246	22	50.780212
248	22	45.958222
250	22	43.533982
252	22	39.299812
254	22	31.788918
256	22	19.946831
258	22	6.924316
260	22	-4.757746
262	22	-13.748949
264	22	-19.287152
266	22	-23.179667
268	22	-25.82371
270	22	-27.279899
272	22	-28.938221
274	22	-31.220213
276	22	-30.234539
278	22	-20.106014
0	23	-30.635602
2	23	-27.415394
4	23	-13.381566
6	23	2.1633
8	23	21.586086
10	23	36.224437
12	23	40.454812
14	23	33.625699
16	23	21.228038
18	23	4.27916
20	23	-15.252762
22	23	-35.734726
24	23	-57.931335
26	23	-74.770416
28	23	-86.108673
30	23	-92.791748
32	23	-97.144226
34	23	-102.440185
36	23	-104.085205
38	23	-102.954284
40	23	-95.85022
42	23	-84.239014
44	23	-76.52063
46	23	-70.397583
48	23	-64.351135
50	23	-57.760621
52	23	-49.57428
54	23	-38.00586
56	23	-25.360901
58	23	-10.475586
60	23	5.287812
62	23	20.502686
64	23	32.551392
66	23	41.218231
68	23	45.271301
70	23	46.820496
72	23	46.057312
74	23	40.869995
76	23	32.271301
78	23	19.390381
80	23	7.475953
82	23	-0.459717
84	23	-5.593811
86	23	-9.19635
88	23	-11.410584
90	23	-13.305237
92	23	-17.217285
94	23	-25.046753
96	23	-36.386658
98	23	-49.229493
100	23	-60.292541
102	23	-68.768128
104	23	-75.05014
106	23	-79.487976
108	23	-82.472626
110	23	-85.371032
112	23	-86.529755
114	23	-85.477402
116	23	-81.73967
118	23	-75.729782
120	23	-68.047837
122	23	-57.32167
124	23	-41.584
126	23	-18.910064
128	23	10.605316
130	23	44.814949
132	23	81.623978
134	23	118.92691
136	23	155.472664
138	23	191.03854
140	23	223.366081
142	23	249.207703
144	23	266.976242
146	23	275.613102
148	23	277.722397
150	23	276.173752
152	23	274.990921
154	23	275.691589
156	23	276.685547
158	23	274.674011
160	23	265.622345
162	23	246.064209
164	23	216.755432
166	23	179.081727
168	23	134.532349
170	23	84.678589
172	23	31.627076
174	23	-22.046143
176	23	-71.720581
178	23	-111.17749
180	23	-135.610717
182	23	-146.070312
184	23	-148.20337
186	23	-145.686035
188	23	-143.575195
190	23	-150.025024
192	23	-166.320068
194	23	-191.488526
196	23	-220.098144
198	23	-245.242309
200	23	-263.904052
202	23	-274.608032
204	23	-274.982788
206	23	-264.884643
208	23	-251.04248
210	23	-233.198487
212	23	-212.045166
214	23	-189.194702
216	23	-165.747497
218	23	-141.466004
220	23	-116.009521
222	23	-91.643982
224	23	-69.739319
226	23	-50.826294
228	23	-34.277954
230	23	-20.360291
232	23	-8.377075
234	23	2.416595
236	23	12.85321
238	23	24.493744
240	23	37.103333
242	23	47.813446
244	23	51.667328
246	23	47.756378
248	23	43.43274
250	23	41.310318
252	23	37.302231
254	23	30.071053
256	23	18.663028
258	23	6.070076
260	23	-5.241305
262	23	-13.90593
264	23	-19.203965
266	23	-23.050368
268	23	-25.645585
270	23	-27.073029
272	23	-28.688301
274	23	-30.969944
276	23	-29.98918
278	23	-19.937849
0	24	-29.069854
2	24	-26.181222
4	24	-12.803403
6	24	2.252315
8	24	21.095749
10	24	35.246576
12	24	39.284366
14	24	32.583307
16	24	20.577564
18	24	4.246071
20	24	-14.622314
22	24	-34.493851
24	24	-56.016845
26	24	-72.396668
28	24	-83.238404
30	24	-89.401794
32	24	-93.243592
34	24	-98.0047
36	24	-99.414123
38	24	-98.313904
40	24	-91.419861
42	24	-79.944641
44	24	-71.845093
46	24	-65.05658
48	24	-58.752319
50	24	-52.19104
52	24	-44.801452
54	24	-35.987
56	24	-26.945252
58	24	-14.463623
60	24	1.148254
62	24	17.120666
64	24	28.846802
66	24	36.535736
68	24	40.077514
70	24	41.071595
72	24	40.053345
74	24	36.01593
76	24	29.676392
78	24	19.867858
80	24	10.519653
82	24	3.933594
84	24	-0.318664
86	24	-2.807495
88	24	-4.008728
90	24	-4.809631
92	24	-6.769043
94	24	-11.346802
96	24	-18.008667
98	24	-25.520813
100	24	-31.867889
102	24	-37.098633
104	24	-41.297546
106	24	-44.868896
108	24	-47.287292
110	24	-49.435242
112	24	-49.955307
114	24	-49.268051
116	24	-47.468681
118	24	-44.64141
120	24	-40.699936
122	24	-34.308548
124	24	-23.63472
126	24	-7.207878
128	24	15.106758
130	24	41.674896
132	24	70.851332
134	24	101.263489
136	24	130.954231
138	24	159.491882
140	24	184.352894
142	24	203.606884
144	24	216.248718
146	24	221.642788
148	24	222.055199
150	24	219.894607
152	24	217.932541
154	24	216.576859
156	24	214.697907
158	24	210.708404
160	24	202.63086
162	24	188.81308
164	24	169.615723
166	24	146.371948
168	24	120.03418
170	24	90.935181
172	24	59.237365
174	24	25.593139
176	24	-7.105835
178	24	-34.010864
180	24	-51.58899
182	24	-60.614014
184	24	-65.832153
186	24	-70.047729
188	24	-76.196167
190	24	-90.082276
192	24	-111.594483
194	24	-139.43457
196	24	-168.934204
198	24	-194.821777
200	24	-215.376953
202	24	-228.177491
204	24	-230.955322
206	24	-224.680664
208	24	-214.794068
210	24	-201.520081
212	24	-185.273682
214	24	-167.065307
216	24	-147.528564
218	24	-126.668152
220	24	-104.474915
222	24	-83.059815
224	24	-63.612548
226	24	-46.614746
228	24	-31.513214
230	24	-18.74231
232	24	-7.747223
234	24	2.153259
236	24	11.774933
238	24	22.686341
240	24	34.658325
242	24	44.89148
244	24	48.576721
246	24	44.954224
248	24	41.040558
250	24	39.190766
252	24	35.476853
254	24	28.547653
256	24	17.593185
258	24	5.471466
260	24	-5.428824
262	24	-13.801553
264	24	-18.956294
266	24	-22.724321
268	24	-25.288134
270	24	-26.734213
272	24	-28.377174
274	24	-30.694823
276	24	-29.760165
278	24	-19.796093
0	25	-28.074992
2	25	-25.425376
4	25	-12.517071
6	25	2.086137
8	25	20.390533
10	25	34.139238
12	25	38.059439
14	25	31.551336
16	25	19.924519
18	25	4.128739
20	25	-14.128418
22	25	-33.40596
24	25	-54.233703
26	25	-70.029693
28	25	-80.277343
30	25	-85.866089
32	25	-89.184112
34	25	-93.389466
36	25	-94.448303
38	25	-93.190307
40	25	-86.482849
42	25	-75.455811
44	25	-67.601257
46	25	-61.010132
48	25	-54.834534
50	25	-48.355469
52	25	-41.268189
54	25	-33.322235
56	25	-25.50116
58	25	-14.291229
60	25	0.26474
62	25	15.080566
64	25	25.30835
66	25	31.220886
68	25	33.275879
70	25	33.171387
72	25	31.597076
74	25	27.932617
76	25	22.809296
78	25	15.405793
80	25	8.556763
82	25	3.783905
84	25	0.730316
86	25	-0.993225
88	25	-1.756256
90	25	-2.256287
92	25	-3.539398
94	25	-6.516113
96	25	-10.760193
98	25	-15.447205
100	25	-19.278442
102	25	-22.412689
104	25	-24.939316
106	25	-27.164871
108	25	-28.697403
110	25	-30.067413
112	25	-30.398155
114	25	-30.027839
116	25	-29.026337
118	25	-27.417011
120	25	-25.117558
122	25	-21.248734
124	25	-14.537437
126	25	-4.047878
128	25	10.330961
130	25	27.574209
132	25	46.560927
134	25	66.395449
136	25	85.773056
138	25	104.386011
140	25	120.514887
142	25	132.976665
144	25	141.084027
146	25	144.494721
148	25	144.644543
150	25	143.085175
152	25	141.531532
154	25	140.234711
156	25	138.529678
158	25	135.600846
160	25	130.268188
162	25	121.543151
164	25	109.619659
166	25	95.428223
168	25	79.618652
170	25	62.291015
172	25	43.285461
174	25	22.760193
176	25	2.312195
178	25	-14.971557
180	25	-26.713318
182	25	-33.222778
184	25	-37.461731
186	25	-41.361816
188	25	-46.960693
190	25	-58.224121
192	25	-75.274414
194	25	-97.329346
196	25	-121.467041
198	25	-144.036377
200	25	-163.611328
202	25	-177.993286
204	25	-184.844421
206	25	-184.320129
208	25	-180.094666
210	25	-172.07489
212	25	-160.615296
214	25	-146.64209
216	25	-130.771485
218	25	-113.190186
220	25	-94.072083
222	25	-75.384461
224	25	-58.188782
226	25	-42.936462
228	25	-29.175232
230	25	-17.429688
232	25	-7.267151
234	25	1.912567
236	25	10.884583
238	25	21.151001
240	25	32.478027
242	25	42.209351
244	25	45.78418
246	25	42.462753
248	25	38.865708
250	25	37.218773
252	25	33.790444
254	25	27.25296
256	25	16.823417
258	25	5.214904
260	25	-5.279116
262	25	-13.400308
264	25	-18.440777
266	25	-22.130217
268	25	-24.651415
270	25	-26.097369
272	25	-27.733942
274	25	-30.019648
276	25	-29.120095
278	25	-19.382844
