0	1	60.170967
2	1	144.635861
4	1	247.243828
6	1	330.34758
8	1	414.696319
10	1	545.286865
12	1	719.407104
14	1	899.916596
16	1	1119.060547
18	1	1390.912598
20	1	1650.94909
22	1	1758.156707
24	1	1691.270325
26	1	1471.25061
28	1	1158.869232
30	1	807.311447
32	1	445.756172
34	1	112.783142
36	1	-140.025177
38	1	-272.380279
40	1	-279.809143
42	1	-193.215851
44	1	-64.493133
46	1	53.075318
48	1	122.532116
50	1	134.075905
52	1	102.881462
54	1	58.457611
56	1	31.83841
58	1	42.582398
60	1	82.274445
62	1	117.380889
64	1	127.672165
66	1	123.464905
68	1	108.961914
70	1	79.073059
72	1	46.789429
74	1	19.921387
0	2	125.400367
2	2	219.522995
4	2	328.838394
6	2	428.880524
8	2	540.521179
10	2	722.401306
12	2	979.204834
14	2	1275.520141
16	2	1509.984619
18	2	1767.855438
20	2	2012.638153
22	2	2117.666397
24	2	2055.679962
26	2	1835.968384
28	2	1488.724121
30	2	1068.405945
32	2	632.402267
34	2	237.428879
36	2	-60.284088
38	2	-221.924164
40	2	-245.970764
42	2	-166.401733
44	2	-37.673279
46	2	85.441849
48	2	164.224251
50	2	185.653996
52	2	162.021316
54	2	121.952423
56	2	94.864014
58	2	96.642654
60	2	118.816704
62	2	137.448093
64	2	144.212082
66	2	146.678375
68	2	139.947144
70	2	110.076721
72	2	66.813782
74	2	24.792907
0	3	190.820663
2	3	333.713318
4	3	430.059998
6	3	511.011596
8	3	610.495911
10	3	803.351441
12	3	1157.828674
14	3	1537.170959
16	3	1849.062073
18	3	2120.11383
20	3	2323.453735
22	3	2399.224213
24	3	2337.642578
26	3	2136.313431
28	3	1796.037964
30	3	1352.164886
32	3	871.547699
34	3	428.903595
36	3	88.043717
38	3	-110.355652
40	3	-162.803498
42	3	-101.570343
44	3	19.085083
46	3	143.063355
48	3	228.906784
50	3	259.469978
52	3	242.524796
54	3	202.424507
56	3	163.823921
58	3	140.580216
60	3	131.841156
62	3	130.512966
64	3	135.925934
66	3	146.57135
68	3	146.182007
70	3	118.271667
72	3	72.182617
74	3	26.120667
0	4	237.803276
2	4	432.623261
4	4	554.958282
6	4	626.348175
8	4	701.922547
10	4	892.051636
12	4	1258.688904
14	4	1719.514892
16	4	2146.509887
18	4	2460.63385
20	4	2631.582092
22	4	2663.113648
24	4	2569.096862
26	4	2358.040314
28	4	2023.520805
30	4	1583.369949
32	4	1091.815338
34	4	623.328201
36	4	247.880575
38	4	12.559067
40	4	-72.107452
42	4	-32.994782
44	4	77.534088
46	4	201.268615
48	4	291.622284
50	4	325.126068
52	4	303.785919
54	4	248.189422
56	4	183.59729
58	4	129.311065
60	4	94.843384
62	4	83.296764
64	4	93.690979
66	4	115.523254
68	4	123.86853
70	4	106.585693
72	4	65.09729
74	4	23.624694
0	5	277.992806
2	5	487.324158
4	5	604.641541
6	5	666.893311
8	5	734.785767
10	5	900.094177
12	5	1252.490479
14	5	1783.432373
16	5	2337.37616
18	5	2733.940735
20	5	2906.896912
22	5	2889.89978
24	5	2723.749572
26	5	2449.090454
28	5	2080.689759
30	5	1634.425399
32	5	1149.676231
34	5	685.077881
36	5	303.073746
38	5	51.629532
40	5	-52.724732
42	5	-30.712738
44	5	68.549865
46	5	186.391358
48	5	272.544616
50	5	299.422424
52	5	265.566894
54	5	189.768677
56	5	101.856446
58	5	28.216064
60	5	-15.150757
62	5	-22.326515
64	5	1.889282
66	5	37.911866
68	5	61.836548
70	5	64.850586
72	5	40.197876
74	5	15.340454
0	6	308.970253
2	6	528.767761
4	6	633.977478
6	6	667.000153
8	6	708.539368
10	6	845.859558
12	6	1164.499023
14	6	1719.807739
16	6	2368.164429
18	6	2865.401733
20	6	3076.05188
22	6	3025.035034
24	6	2770.845215
26	6	2392.947022
28	6	1945.810424
30	6	1461.395874
32	6	973.280884
34	6	524.135162
36	6	160.374036
38	6	-80.730835
40	6	-186.325836
42	6	-175.689819
44	6	-93.299256
46	6	6.846314
48	6	76.933472
50	6	92.415039
52	6	54.151123
54	6	-21.328857
56	6	-104.631592
58	6	-168.662597
60	6	-196.485687
62	6	-183.024807
64	6	-137.573609
66	6	-84.30542
68	6	-38.28357
70	6	-7.740601
72	6	-2.910522
74	6	0.568817
0	7	324.445926
2	7	559.400589
4	7	667.529084
6	7	680.245788
8	7	687.312072
10	7	778.691223
12	7	1035.465332
14	7	1544.789551
16	7	2217.097778
18	7	2799.670776
20	7	3063.465332
22	7	3001.457885
24	7	2681.088501
26	7	2207.476685
28	7	1671.859375
30	7	1131.752075
32	7	625.264283
34	7	184.694825
36	7	-159.793045
38	7	-387.441227
40	7	-495.741913
42	7	-504.694153
44	7	-451.084229
46	7	-377.841309
48	7	-322.596436
50	7	-302.947143
52	7	-317.449585
54	7	-356.698853
56	7	-398.932251
58	7	-422.662537
60	7	-414.226868
62	7	-371.570442
64	7	-305.621155
66	7	-233.008178
68	7	-161.865967
70	7	-100.155884
72	7	-59.066772
74	7	-19.217468
0	8	329.999914
2	8	583.752282
4	8	701.016327
6	8	701.493194
8	8	676.138825
10	8	718.037354
12	8	898.357117
14	8	1301.714599
16	8	1921.452514
18	8	2545.180542
20	8	2854.97644
22	8	2798.032471
24	8	2452.333008
26	8	1932.258667
28	8	1345.180297
30	8	765.506469
32	8	238.263794
34	8	-209.62033
36	8	-560.066162
38	8	-803.751541
40	8	-942.536499
42	8	-991.260193
44	8	-974.581604
46	8	-920.584229
48	8	-856.326782
50	8	-799.000854
52	8	-756.308472
54	8	-730.622071
56	8	-709.361572
58	8	-677.523682
60	8	-625.964386
62	8	-555.980057
64	8	-474.117432
66	8	-383.116089
68	8	-287.181641
70	8	-195.113159
72	8	-120.022828
74	8	-40.862945
0	9	340.211217
2	9	611.481392
4	9	736.384659
6	9	735.381333
8	9	682.502136
10	9	673.614959
12	9	779.02539
14	9	1056.1521
16	9	1568.917359
18	9	2177.451538
20	9	2516.899292
22	9	2473.20581
24	9	2137.488159
26	9	1626.797852
28	9	1044.58435
30	9	462.968994
32	9	-74.918091
34	9	-545.621094
36	9	-934.493286
38	9	-1231.031837
40	9	-1429.382294
42	9	-1531.068665
44	9	-1545.562561
46	9	-1490.255982
48	9	-1390.740356
50	9	-1273.236084
52	9	-1158.98462
54	9	-1061.466675
56	9	-975.701538
58	9	-891.268555
60	9	-803.19809
62	9	-712.490539
64	9	-616.0112
66	9	-507.850525
68	9	-392.164917
70	9	-278.554566
72	9	-177.908753
74	9	-61.187195
0	10	361.946184
2	10	655.123619
4	10	787.828766
6	10	794.183258
8	10	722.515518
10	10	664.478669
12	10	699.41272
14	10	860.270508
16	10	1244.318238
18	10	1786.656128
20	10	2139.723023
22	10	2120.166382
24	10	1820.143677
26	10	1357.299561
28	10	821.446778
30	10	270.340699
32	10	-262.611878
34	10	-757.56802
36	10	-1196.891724
38	10	-1560.292393
40	10	-1826.370636
42	10	-1978.476257
44	10	-2012.358398
46	10	-1942.895264
48	10	-1802.542969
50	10	-1630.072754
52	10	-1456.698608
54	10	-1301.912842
56	10	-1166.36499
58	10	-1044.632873
60	10	-933.93538
62	10	-828.719604
64	10	-716.91713
66	10	-593.408813
68	10	-466.899048
70	10	-345.359283
72	10	-227.718384
74	10	-78.263184
0	11	383.648052
2	11	698.554428
4	11	840.856491
6	11	858.17601
8	11	780.420028
10	11	691.738587
12	11	670.751525
14	11	744.594604
16	11	997.364014
18	11	1433.747681
20	11	1784.5802
22	11	1807.710572
24	11	1563.25586
26	11	1167.721802
28	11	696.601562
30	11	192.285644
32	11	-321.501465
34	11	-828.257904
36	11	-1307.086853
38	11	-1726.456024
40	11	-2047.895813
42	11	-2238.438355
44	11	-2286.16211
46	11	-2207.76355
48	11	-2043.457398
50	11	-1840.704712
52	11	-1635.047241
54	11	-1447.2052
56	11	-1281.805542
58	11	-1138.228454
60	11	-1012.693054
62	11	-894.067017
64	11	-770.520173
66	11	-642.672989
68	11	-518.934057
70	11	-399.020096
72	11	-268.38266
74	11	-91.732156
0	12	392.093941
2	12	708.911217
4	12	851.342094
6	12	873.184174
8	12	805.147431
10	12	720.955017
12	12	678.906189
14	12	709.757141
16	12	846.298339
18	12	1151.498779
20	12	1473.034912
22	12	1553.474732
24	12	1381.213134
26	12	1061.919677
28	12	661.71521
30	12	211.444214
32	12	-272.568497
34	12	-776.233276
36	12	-1275.856171
38	12	-1730.007812
40	12	-2086.52716
42	12	-2302.889038
44	12	-2365.327148
46	12	-2293.551392
48	12	-2130.968628
50	12	-1926.198242
52	12	-1714.51355
54	12	-1516.705078
56	12	-1340.05188
58	12	-1185.125916
60	12	-1046.105774
62	12	-914.214409
64	12	-786.56411
66	12	-668.343766
68	12	-558.955994
70	12	-441.55603
72	12	-298.186508
74	12	-102.663612
0	13	390.846428
2	13	699.782058
4	13	839.792312
6	13	866.480591
8	13	809.451996
10	13	734.695953
12	13	696.436279
14	13	714.743042
16	13	780.393921
18	13	956.959107
20	13	1205.728393
22	13	1328.721924
24	13	1240.959228
26	13	1006.40094
28	13	682.782776
30	13	293.57904
32	13	-150.876175
34	13	-637.170818
36	13	-1137.539245
38	13	-1604.112915
40	13	-1978.036865
42	13	-2212.673096
44	13	-2295.143799
46	13	-2245.939209
48	13	-2105.905395
50	13	-1919.698609
52	13	-1720.332642
54	13	-1528.239868
56	13	-1351.95813
58	13	-1191.459412
60	13	-1042.148438
62	13	-903.054871
64	13	-780.892807
66	13	-680.894608
68	13	-587.519378
70	13	-467.748039
72	13	-313.866149
74	13	-108.942848
0	14	382.764438
2	14	680.622862
4	14	820.543335
6	14	860.987762
8	14	818.134522
10	14	750.430054
12	14	709.562378
14	14	718.938599
16	14	760.196411
18	14	839.676025
20	14	979.934082
22	14	1099.187439
24	14	1089.395569
26	14	951.295654
28	14	718.805603
30	14	405.792541
32	14	18.576843
34	14	-431.707031
36	14	-918.122742
38	14	-1387.248535
40	14	-1771.538818
42	14	-2022.261841
44	14	-2129.242065
46	14	-2112.424805
48	14	-2007.305786
50	14	-1851.653564
52	14	-1674.681762
54	14	-1496.216674
56	14	-1325.078491
58	14	-1162.036132
60	14	-1007.174133
62	14	-868.40802
64	14	-759.887085
66	14	-682.078247
68	14	-600.052337
70	14	-479.492645
72	14	-320.104004
74	14	-111.784226
0	15	368.492936
2	15	649.496025
4	15	787.846161
6	15	842.681122
8	15	825.978394
10	15	772.528259
12	15	725.756653
14	15	717.504944
16	15	739.729797
18	15	759.746826
20	15	803.495728
22	15	874.55835
24	15	910.546753
26	15	870.531738
28	15	748.544426
30	15	535.592651
32	15	219.423126
34	15	-194.823731
36	15	-666.818542
38	15	-1127.508057
40	15	-1508.388794
42	15	-1769.809448
44	15	-1905.431031
46	15	-1931.283325
48	15	-1873.043579
50	15	-1757.962647
52	15	-1610.179809
54	15	-1448.269898
56	15	-1281.720947
58	15	-1114.922607
60	15	-955.553588
62	15	-821.52124
64	15	-731.692566
66	15	-675.128723
68	15	-602.497864
70	15	-484.502685
72	15	-317.914062
74	15	-112.276886
0	16	349.39033
2	16	613.321488
4	16	745.242477
6	16	808.454682
8	16	817.495911
10	16	789.293396
12	16	746.985657
14	16	715.005432
16	16	708.107178
18	16	690.246948
20	16	665.566162
22	16	676.978821
24	16	727.031922
26	16	767.669128
28	16	751.938972
30	16	632.251785
32	16	375.643494
34	16	-4.683838
36	16	-446.051758
38	16	-869.754639
40	16	-1224.668091
42	16	-1490.190308
44	16	-1661.191162
46	16	-1742.211304
48	16	-1743.20813
50	16	-1678.065552
52	16	-1562.814453
54	16	-1414.140869
56	16	-1245.47937
58	16	-1069.845825
60	16	-906.87732
62	16	-783.163819
64	16	-713.278931
66	16	-668.959107
68	16	-597.201782
70	16	-474.515076
72	16	-304.218201
74	16	-108.116608
0	17	328.393587
2	17	576.464669
4	17	702.082367
6	17	765.439972
8	17	792.197968
10	17	789.713257
12	17	765.087402
14	17	716.931519
16	17	673.275269
18	17	622.352417
20	17	548.939209
22	17	504.247559
24	17	533.887939
26	17	610.010895
28	17	653.817665
30	17	593.277313
32	17	396.657562
34	17	83.786438
36	17	-286.639282
38	17	-654.540039
40	17	-982.976807
42	17	-1252.667969
44	17	-1454.831787
46	17	-1584.890381
48	17	-1639.877197
50	17	-1620.68689
52	17	-1533.892456
54	17	-1393.650025
56	17	-1220.090088
58	17	-1038.835449
60	17	-880.902466
62	17	-771.387939
64	17	-709.730957
66	17	-658.389282
68	17	-574.992432
70	17	-444.686646
72	17	-279.164185
74	17	-100.190369
0	18	309.169025
2	18	543.135521
4	18	663.006958
6	18	723.092713
8	18	752.527649
10	18	771.065979
12	18	763.664672
14	18	723.489136
16	18	645.113403
18	18	555.435669
20	18	448.250488
22	18	347.077027
24	18	307.983154
26	18	338.961548
28	18	381.295822
30	18	361.64003
32	18	241.232819
34	18	28.033692
36	18	-245.805176
38	18	-547.219116
40	18	-845.479126
42	18	-1111.379028
44	18	-1324.055298
46	18	-1473.338867
48	18	-1554.208008
50	18	-1561.877564
52	18	-1495.3479
54	18	-1365.84497
56	18	-1197.543823
58	18	-1023.958496
60	18	-879.073608
62	18	-778.579956
64	18	-708.778198
66	18	-636.484619
68	18	-536.200439
70	18	-402.216919
72	18	-249.357178
74	18	-90.862458
0	19	292.458607
2	19	513.207153
4	19	627.381989
6	19	681.883911
8	19	708.000031
10	19	733.547241
12	19	743.62378
14	19	715.232055
16	19	632.624145
18	19	493.816284
20	19	330.322144
22	19	165.027588
24	19	33.14917
26	19	-33.647095
28	19	-44.89447
30	19	-45.513031
32	19	-85.713758
34	19	-196.376587
36	19	-376.005981
38	19	-604.710694
40	19	-854.379394
42	19	-1090.914917
44	19	-1286.100585
46	19	-1423.540771
48	19	-1495.033203
50	19	-1496.536499
52	19	-1428.730713
54	19	-1304.923095
56	19	-1150.489868
58	19	-996.439087
60	19	-868.9281
62	19	-777.182007
64	19	-697.339111
66	19	-601.03125
68	19	-485.102417
70	19	-355.719971
72	19	-220.213135
74	19	-81.471466
0	20	278.284477
2	20	484.737983
4	20	592.250198
6	20	643.371917
8	20	663.634704
10	20	685.220093
12	20	702.440246
14	20	682.903077
16	20	607.593994
18	20	465.788818
20	20	259.410523
22	20	28.790771
24	20	-188.430542
26	20	-360.908325
28	20	-472.78357
30	20	-525.014099
32	20	-539.876785
34	20	-557.774017
36	20	-624.209976
38	20	-757.271972
40	20	-938.132324
42	20	-1128.172364
44	20	-1288.929321
46	20	-1397.95813
48	20	-1446.473389
50	20	-1432.51355
52	20	-1359.07251
54	20	-1238.397583
56	20	-1093.453125
58	20	-954.155883
60	20	-845.609985
62	20	-764.189819
64	20	-671.363282
66	20	-550.012695
68	20	-425.018677
70	20	-309.249145
72	20	-193.437989
74	20	-72.38501
0	21	266.801537
2	21	460.494079
4	21	561.235977
6	21	607.261841
8	21	622.624817
10	21	636.871949
12	21	648.996643
14	21	629.744751
16	21	553.335083
18	21	415.568116
20	21	210.754761
22	21	-35.946289
24	21	-289.622559
26	21	-524.5625
28	21	-715.661499
30	21	-845.298645
32	21	-904.187073
34	21	-905.776719
36	21	-884.010223
38	21	-892.306625
40	21	-963.018951
42	21	-1083.766296
44	21	-1209.131836
46	21	-1295.707031
48	21	-1325.16626
50	21	-1301.983765
52	21	-1235.580933
54	21	-1139.113525
56	21	-1032.402587
58	21	-930.371338
60	21	-836.569824
62	21	-741.479493
64	21	-623.401733
66	21	-487.094848
68	21	-367.563477
70	21	-269.300415
72	21	-171.542297
74	21	-64.793518
0	22	257.363709
2	22	437.630401
4	22	532.068069
6	22	576.20935
8	22	588.083038
10	22	592.998658
12	22	593.174439
14	22	566.467834
16	22	483.816162
18	22	324.675049
20	22	107.467163
22	22	-133.062744
24	22	-376.909424
26	22	-596.841431
28	22	-787.247925
30	22	-933.08081
32	22	-1021.520813
34	22	-1047.788422
36	22	-1017.912445
38	22	-963.145325
40	22	-935.165199
42	22	-957.605865
44	22	-1012.534088
46	22	-1065.13446
48	22	-1084.365418
50	22	-1060.59021
52	22	-1009.222413
54	22	-952.182007
56	22	-898.4823
58	22	-842.488037
60	22	-772.040161
62	22	-673.771484
64	22	-545.532349
66	22	-417.441163
68	22	-318.024903
70	22	-237.916138
72	22	-154.721191
74	22	-59.16687
0	23	248.857506
2	23	415.396042
4	23	499.857895
6	23	539.476929
8	23	548.27716
10	23	547.477172
12	23	537.183228
14	23	499.520508
16	23	411.191772
18	23	257.171142
20	23	45.713379
22	23	-187.971924
24	23	-406.725342
26	23	-596.003906
28	23	-746.855103
30	23	-856.889954
32	23	-925.881775
34	23	-948.980683
36	23	-925.326316
38	23	-874.140655
40	23	-831.490799
42	23	-819.692341
44	23	-831.509933
46	23	-845.141937
48	23	-843.220093
50	23	-820.846252
52	23	-785.060669
54	23	-748.157715
56	23	-715.59436
58	23	-679.120606
60	23	-623.213562
62	23	-538.113282
64	23	-433.703125
66	23	-339.905152
68	23	-267.879517
70	23	-205.40863
72	23	-137.706574
74	23	-53.928238
0	24	240.495484
2	24	395.407715
4	24	469.844589
6	24	503.253235
8	24	507.506225
10	24	499.965789
12	24	479.170654
14	24	431.015808
16	24	341.128357
18	24	203.453003
20	24	25.705689
22	24	-165.40979
24	24	-339.283081
26	24	-487.728149
28	24	-602.060242
30	24	-682.932129
32	24	-731.896911
34	24	-746.324219
36	24	-727.91536
38	24	-692.901367
40	24	-665.783326
42	24	-655.456436
44	24	-655.253325
46	24	-653.609909
48	24	-640.96695
50	24	-616.446502
52	24	-586.194641
54	24	-559.927765
56	24	-541.500915
58	24	-521.633301
60	24	-483.406128
62	24	-415.445862
64	24	-332.351623
66	24	-266.519531
68	24	-218.917175
70	24	-176.135864
72	24	-124.701629
74	24	-51.038941
0	25	231.334542
2	25	376.832367
4	25	444.06337
6	25	472.625366
8	25	472.859466
10	25	459.087189
12	25	429.020324
14	25	371.975036
16	25	281.504212
18	25	159.911377
20	25	17.777588
22	25	-125.476502
24	25	-250.805847
26	25	-355.095032
28	25	-433.439514
30	25	-487.033753
32	25	-517.025879
34	25	-522.496887
36	25	-506.728814
38	25	-481.905591
40	25	-463.787826
42	25	-456.595383
44	25	-455.541271
46	25	-453.621727
48	25	-444.176903
50	25	-426.084397
52	25	-404.222381
54	25	-387.029938
56	25	-377.66098
58	25	-368.497955
60	25	-346.035126
62	25	-301.000214
64	25	-244.465088
66	25	-202.63443
68	25	-174.361511
70	25	-147.582306
72	25	-109.719985
74	25	-46.645027
